10067
0	86
2	60
3	65
3	66
4	99
8	55
8	60
10	89
10	97
11	57
11	58
11	89
14	88
18	51
18	86
27	89
31	57
33	85
36	79
36	97
37	63
42	76
42	88
48	99
1	146
2	113
2	119
4	128
7	109
8	147
10	101
11	131
13	113
14	107
14	119
14	126
18	129
18	145
22	127
30	127
36	123
38	109
38	126
42	123
44	127
44	147
47	100
47	119
48	130
49	110
0	172
0	183
0	184
2	199
3	154
4	169
4	172
4	173
4	199
8	169
8	196
10	188
11	155
13	183
13	188
27	155
28	166
28	169
28	184
30	155
31	170
37	157
42	153
42	155
42	160
42	195
47	163
47	184
49	184
49	185
49	195
1	202
2	223
3	216
4	249
6	223
8	249
27	225
30	206
31	244
31	249
36	213
36	247
38	201
38	202
44	220
47	212
48	207
0	293
1	285
3	275
3	284
4	269
4	292
6	267
6	292
7	292
10	288
11	265
11	267
11	272
11	284
13	284
13	285
18	282
22	284
27	275
28	258
30	251
30	285
33	289
38	254
47	275
1	333
7	312
7	331
8	312
8	328
10	306
10	349
13	339
28	301
31	304
48	349
49	311
49	318
49	338
0	365
0	393
1	350
1	371
2	371
2	383
3	355
4	350
4	385
4	387
7	350
10	353
10	366
13	361
14	355
18	353
18	387
22	387
22	393
28	392
28	395
30	366
30	381
33	356
36	383
36	395
38	356
42	358
42	376
44	394
48	365
1	413
1	445
2	401
2	402
2	405
2	416
2	427
3	420
7	448
8	417
8	445
10	427
13	400
14	437
22	434
28	416
30	441
31	429
33	404
37	419
44	405
44	417
47	448
48	400
49	429
2	489
7	461
11	472
11	487
13	456
13	481
14	459
14	476
22	468
22	489
22	492
27	450
27	475
28	489
28	495
30	486
31	455
31	491
33	459
33	475
36	488
37	455
37	489
38	460
42	489
42	499
44	491
47	461
48	492
0	527
1	539
2	503
3	521
4	520
6	534
7	526
7	535
8	530
10	523
22	534
22	535
28	530
28	535
28	539
30	501
30	535
30	540
33	539
36	507
37	514
44	521
0	573
0	581
4	551
6	571
6	592
7	553
7	568
7	569
7	574
7	578
10	559
10	593
13	568
27	572
33	584
36	574
37	586
44	581
44	599
47	560
47	564
49	570
49	581
49	598
0	648
1	628
2	644
3	604
6	603
6	621
6	644
6	647
7	628
8	610
8	632
8	647
11	608
11	621
13	610
13	642
18	608
22	623
22	650
28	644
30	604
30	621
30	642
31	604
33	620
37	623
38	620
48	610
49	644
0	652
0	671
2	693
3	658
4	697
6	654
7	655
10	681
11	652
13	670
27	659
27	696
31	670
31	688
33	652
48	670
49	671
0	702
2	708
2	732
3	707
3	718
3	746
7	708
11	707
11	735
13	739
18	733
18	738
30	749
31	739
33	735
36	746
37	707
38	726
49	726
1	785
3	792
6	790
7	769
8	756
10	799
11	770
11	791
13	754
13	767
13	785
13	798
14	756
14	759
14	772
14	790
18	792
22	754
22	775
22	790
22	792
33	754
33	792
36	758
36	781
37	798
48	757
0	853
1	853
1	864
2	825
2	872
3	838
3	853
4	864
7	853
11	806
11	828
11	865
14	825
14	835
18	825
18	864
27	869
28	859
28	876
30	862
31	845
33	835
33	875
36	823
36	843
37	809
37	854
42	850
47	862
48	853
1	908
1	915
3	905
6	908
11	887
11	903
13	889
14	886
18	898
18	905
28	912
30	879
30	887
36	904
36	912
37	904
47	918
1	937
1	961
3	943
3	958
10	967
13	955
14	966
14	969
18	945
22	952
27	928
27	964
28	952
28	959
28	964
30	955
30	959
30	963
30	972
31	945
33	938
33	963
36	962
36	965
37	950
42	948
42	967
44	962
47	958
47	974
49	953
49	965
2	1014
3	998
6	993
6	1009
7	1019
11	1002
14	978
18	1024
28	1019
33	1019
33	1021
36	993
44	986
47	1014
48	986
0	1037
0	1047
0	1073
3	1056
3	1057
3	1072
7	1038
8	1051
11	1037
11	1052
13	1037
13	1040
14	1061
18	1072
22	1068
27	1061
27	1066
28	1044
30	1059
31	1039
31	1073
33	1029
33	1068
36	1032
36	1072
37	1038
37	1066
37	1073
38	1055
42	1033
44	1030
44	1034
47	1066
49	1034
2	1098
8	1125
14	1115
18	1102
18	1121
22	1117
27	1102
30	1079
33	1111
36	1124
37	1080
44	1079
48	1096
49	1084
0	1135
1	1161
2	1140
3	1128
3	1153
4	1162
6	1152
7	1129
8	1151
11	1135
18	1130
18	1142
22	1141
22	1162
27	1129
28	1132
28	1143
28	1153
30	1153
30	1161
31	1151
36	1158
42	1128
44	1152
48	1147
49	1172
0	1202
1	1179
1	1194
1	1202
4	1204
4	1208
6	1181
6	1202
7	1213
10	1187
14	1194
14	1217
18	1179
18	1181
18	1226
27	1225
31	1189
36	1193
38	1192
42	1200
47	1209
1	1250
1	1256
2	1260
2	1275
3	1246
3	1263
4	1274
6	1269
7	1241
8	1232
10	1248
10	1253
10	1269
11	1272
18	1240
28	1231
31	1239
31	1248
33	1265
36	1270
37	1274
38	1275
42	1260
44	1236
44	1277
47	1274
48	1241
48	1246
48	1270
49	1229
49	1253
1	1279
1	1289
1	1328
2	1281
2	1326
3	1279
3	1291
3	1330
7	1306
7	1324
10	1291
11	1291
13	1318
18	1329
18	1330
22	1330
28	1289
28	1328
30	1318
31	1285
31	1328
33	1283
33	1286
37	1286
38	1285
42	1306
48	1279
48	1281
48	1292
48	1328
49	1288
2	1356
2	1359
2	1372
3	1334
3	1342
3	1381
4	1373
6	1338
6	1373
6	1381
8	1342
10	1349
10	1350
11	1350
14	1350
18	1366
27	1355
28	1361
30	1356
37	1381
38	1349
42	1338
42	1349
44	1355
48	1356
48	1380
49	1355
49	1359
2	1389
3	1389
3	1400
4	1389
6	1430
8	1396
11	1396
14	1396
14	1413
14	1435
18	1408
22	1388
22	1396
27	1416
28	1413
28	1416
31	1416
33	1388
36	1417
36	1430
38	1386
38	1416
42	1402
44	1400
47	1425
48	1425
49	1407
0	1451
3	1437
3	1482
8	1474
14	1471
18	1466
22	1481
27	1484
28	1463
31	1482
33	1453
33	1476
37	1437
37	1447
38	1450
38	1453
38	1476
42	1437
44	1451
44	1477
48	1447
48	1465
49	1439
49	1481
1	1506
3	1534
4	1535
7	1488
7	1508
7	1512
10	1495
13	1486
13	1496
14	1495
14	1534
18	1488
22	1494
27	1489
27	1496
28	1487
37	1491
38	1516
42	1509
44	1509
47	1531
48	1489
48	1512
51	109
51	138
55	126
55	132
56	119
56	131
58	109
58	113
58	119
58	131
63	107
64	147
65	132
66	143
69	127
69	143
69	145
73	101
74	127
77	129
79	107
79	119
79	138
79	145
85	101
85	146
87	105
87	130
87	138
88	149
89	122
89	138
97	136
98	110
98	127
50	185
55	158
55	166
56	172
56	184
58	195
64	177
64	189
65	155
65	169
65	176
65	178
66	166
69	172
69	174
73	168
74	198
77	154
77	160
79	173
85	183
85	196
87	160
87	168
87	173
87	196
88	185
88	189
88	198
89	176
89	182
89	184
97	170
97	184
99	157
99	178
55	207
55	244
55	248
56	210
56	213
63	220
63	247
64	248
65	247
66	223
69	220
74	202
77	201
77	212
79	247
85	210
85	244
86	220
88	249
89	223
50	275
51	279
55	282
57	259
57	269
58	266
58	269
58	289
64	254
65	266
66	259
66	284
69	279
73	279
73	288
74	265
85	266
88	258
89	272
97	289
51	317
55	336
56	308
57	316
57	317
58	308
58	319
63	333
63	338
63	340
64	316
65	318
76	339
79	319
79	344
85	318
85	343
87	318
88	333
88	349
97	344
99	344
50	381
50	387
55	361
55	394
57	358
58	398
63	394
64	353
65	392
66	365
66	371
66	393
66	394
73	353
73	366
76	381
79	373
85	373
85	389
88	370
89	353
89	381
97	383
50	400
51	420
51	436
57	410
58	402
60	410
60	417
63	427
64	402
69	410
73	427
73	449
77	402
79	449
85	408
89	413
89	416
89	426
97	402
97	404
97	408
99	426
56	464
56	499
63	450
63	499
65	486
69	464
69	473
76	459
76	488
76	490
77	486
77	491
79	490
87	475
87	490
89	482
97	475
98	481
98	489
50	510
50	523
50	536
51	509
56	527
56	540
57	513
57	527
57	534
58	505
58	513
64	516
65	521
66	503
66	523
69	517
69	531
69	548
73	520
76	506
76	530
76	539
76	548
77	527
79	507
79	523
85	503
85	509
85	510
88	505
99	505
50	586
60	571
64	553
64	555
64	583
64	593
64	594
65	572
66	555
66	559
66	564
69	584
73	596
74	569
76	581
76	596
79	564
79	578
79	584
79	592
85	570
87	574
87	580
88	571
89	560
89	571
97	570
97	590
98	579
99	571
99	572
99	581
99	592
56	609
57	609
58	608
58	650
60	610
66	603
74	648
79	604
79	644
85	650
87	639
87	647
88	629
89	608
89	610
55	660
55	679
58	690
60	653
60	696
60	698
63	693
64	658
64	669
64	677
66	655
69	697
73	660
74	654
79	659
85	652
85	654
89	677
97	677
97	690
99	681
55	705
56	718
56	722
57	718
58	723
60	718
63	736
64	702
66	707
69	716
69	718
69	744
73	716
73	718
73	723
76	705
77	746
79	749
85	728
86	735
87	729
87	738
87	749
89	701
89	739
99	738
50	758
50	767
50	775
50	799
51	780
55	791
56	754
56	800
58	777
60	759
60	770
64	781
66	767
69	770
69	794
74	770
74	773
74	785
76	785
79	766
79	798
85	769
88	756
97	785
98	756
98	770
99	757
50	850
51	806
51	820
51	825
55	863
55	869
55	876
58	852
58	853
58	860
58	862
58	864
60	857
63	809
63	852
63	860
64	825
64	862
65	828
65	869
66	806
69	802
69	833
69	874
73	825
73	872
74	817
74	877
76	841
76	852
77	825
79	853
85	862
85	863
85	874
86	806
86	838
86	863
86	872
87	809
87	820
87	877
89	817
89	859
89	864
89	876
97	865
98	838
99	862
99	876
50	915
50	927
51	879
51	895
51	918
55	899
55	907
58	886
60	888
60	892
60	899
63	915
65	918
73	879
73	887
77	899
77	912
79	887
79	895
87	915
87	918
89	889
89	906
50	948
51	969
51	971
55	972
58	948
58	966
60	929
60	937
63	959
65	938
65	957
69	929
69	953
73	943
73	974
76	932
76	967
77	949
79	936
79	943
85	936
87	944
89	971
97	977
98	943
55	1020
55	1024
57	982
57	986
58	982
58	1027
60	1024
69	1008
69	1022
74	1014
76	1019
79	986
87	1025
88	1011
89	1026
97	1009
97	1025
98	1024
50	1040
50	1059
55	1032
56	1038
58	1032
58	1052
60	1029
60	1046
63	1046
63	1051
64	1051
64	1060
64	1066
65	1037
65	1044
65	1072
66	1041
73	1046
73	1059
76	1033
76	1046
76	1064
77	1041
79	1066
86	1066
86	1072
87	1066
97	1040
97	1050
98	1038
99	1059
57	1079
57	1098
66	1080
66	1114
66	1124
79	1119
87	1080
51	1152
56	1158
57	1135
60	1165
60	1177
73	1129
73	1147
73	1172
77	1153
85	1130
86	1130
88	1128
88	1161
89	1132
89	1135
98	1132
98	1152
99	1152
50	1194
51	1226
55	1225
56	1193
58	1206
63	1208
64	1189
65	1206
66	1204
69	1194
73	1207
74	1193
74	1211
76	1208
77	1193
77	1195
77	1204
79	1202
85	1206
87	1195
88	1217
89	1187
89	1213
89	1225
97	1208
98	1192
98	1202
51	1265
51	1275
55	1270
60	1237
60	1241
60	1249
60	1269
64	1249
64	1258
64	1272
66	1239
66	1240
69	1270
73	1258
74	1237
86	1249
86	1263
89	1233
97	1246
98	1245
50	1281
50	1318
50	1328
55	1279
55	1286
55	1329
56	1299
56	1307
56	1326
57	1310
58	1304
58	1318
58	1329
60	1283
60	1300
63	1307
69	1324
73	1292
73	1294
76	1289
79	1317
85	1278
85	1318
86	1308
86	1310
86	1328
87	1288
87	1293
88	1326
89	1324
98	1293
99	1285
50	1344
50	1366
51	1339
51	1349
60	1334
60	1348
60	1381
63	1349
64	1339
64	1355
73	1348
74	1362
74	1373
77	1335
79	1372
85	1369
86	1338
89	1339
89	1380
98	1334
98	1349
98	1353
99	1335
50	1420
55	1391
55	1416
56	1400
56	1414
57	1435
58	1410
58	1414
60	1407
63	1402
63	1420
64	1402
64	1426
65	1425
66	1416
69	1414
69	1425
73	1407
73	1421
77	1421
85	1388
85	1400
85	1401
85	1418
88	1405
89	1416
97	1386
98	1410
99	1389
99	1413
50	1469
55	1437
56	1481
57	1461
57	1463
63	1448
64	1437
65	1455
73	1465
73	1466
85	1467
88	1480
97	1474
97	1481
55	1494
60	1508
63	1489
74	1497
74	1532
76	1495
77	1496
77	1497
79	1487
85	1486
85	1496
88	1488
88	1496
98	1506
99	1509
99	1516
99	1534
100	158
100	198
101	158
101	174
101	198
107	166
107	177
109	176
109	179
110	196
113	160
113	199
122	184
123	170
123	188
126	179
126	185
127	157
127	179
128	163
128	173
129	198
131	170
131	172
131	199
132	153
132	188
139	157
139	168
139	199
143	163
143	168
143	174
143	178
144	157
145	198
101	229
109	207
129	201
129	212
130	248
131	210
131	234
136	247
143	202
146	202
147	206
101	293
105	273
109	297
113	267
126	255
126	275
127	267
127	284
128	269
128	272
131	258
132	289
138	273
138	289
143	284
146	265
146	272
147	251
149	275
100	321
100	343
101	335
105	317
105	338
107	301
107	349
110	312
110	328
123	318
126	322
127	317
130	301
136	328
138	318
138	349
139	330
139	336
144	317
144	318
145	319
146	317
146	336
147	321
149	343
105	352
105	381
107	392
122	361
122	389
128	370
128	383
130	395
139	380
139	387
143	369
144	360
144	373
144	389
146	358
146	394
147	369
100	434
105	434
107	401
113	400
113	420
113	426
122	410
123	410
126	416
126	419
126	420
128	437
129	427
130	414
131	441
132	400
132	405
136	429
139	412
143	412
143	429
143	445
144	402
144	404
144	434
144	449
146	413
146	427
100	480
100	499
101	456
110	463
119	460
119	487
122	456
123	481
126	492
128	468
129	460
129	488
130	476
131	487
132	451
132	472
136	456
136	495
138	476
139	499
144	473
144	475
144	488
145	455
149	461
101	526
107	505
107	506
107	525
107	540
109	506
113	525
119	517
122	545
123	509
123	548
127	510
127	525
127	535
128	501
129	513
130	513
131	527
132	517
136	501
144	509
149	510
149	539
105	560
107	564
107	586
107	599
109	586
119	560
119	573
122	570
123	560
123	570
123	593
126	578
128	583
129	579
130	553
130	559
130	592
131	578
131	579
131	590
132	586
136	592
136	594
138	581
143	596
144	559
149	596
101	609
101	642
105	609
105	610
119	610
119	644
127	603
129	609
129	639
138	604
139	603
139	621
143	627
145	648
109	688
119	677
122	677
123	655
126	693
127	658
127	669
127	681
131	655
132	653
143	688
143	690
144	690
145	655
146	669
146	688
147	653
147	654
100	718
109	702
109	726
109	746
110	733
122	701
122	721
123	702
123	721
123	726
123	733
126	738
131	705
131	732
136	749
138	717
138	723
143	749
147	716
101	780
107	775
107	797
109	754
113	785
119	757
119	781
122	800
128	785
129	780
130	772
132	756
136	772
136	789
139	754
139	780
144	797
144	800
145	767
145	797
147	758
147	785
149	766
100	865
105	843
105	859
109	828
113	865
119	823
119	841
122	838
122	862
123	823
123	863
123	864
126	820
126	843
126	876
127	838
130	845
130	850
130	865
131	865
136	825
136	833
138	817
139	875
144	876
145	828
149	813
107	892
107	905
110	905
113	899
122	912
123	892
128	888
128	912
129	918
131	887
131	888
132	886
132	887
138	888
139	906
143	887
143	899
144	885
144	898
146	885
107	949
109	954
110	955
119	952
119	964
126	974
127	954
127	969
130	944
130	950
139	944
145	937
145	962
147	929
147	936
147	972
105	1001
105	1011
107	978
109	999
122	1002
123	992
126	1009
127	978
127	1001
128	978
128	999
129	1001
136	978
136	1022
143	1027
144	978
144	992
145	983
147	1027
149	993
149	1011
149	1027
105	1037
105	1047
107	1066
113	1044
119	1057
122	1032
122	1047
122	1073
123	1054
126	1068
127	1033
129	1040
129	1061
130	1029
132	1032
132	1057
132	1064
132	1071
136	1037
136	1072
138	1047
139	1071
143	1072
144	1030
145	1061
146	1040
146	1050
147	1030
147	1047
101	1105
105	1096
107	1098
126	1105
128	1124
129	1125
130	1080
130	1114
131	1114
138	1121
139	1098
144	1125
145	1115
147	1117
101	1150
105	1161
107	1150
107	1151
109	1128
110	1177
123	1143
129	1143
130	1140
132	1151
136	1153
136	1162
138	1147
138	1153
145	1161
147	1143
147	1177
100	1192
100	1194
105	1202
107	1189
109	1206
109	1209
110	1209
122	1182
122	1187
126	1187
127	1213
128	1208
130	1189
130	1202
132	1182
132	1215
138	1193
138	1202
144	1182
144	1207
145	1201
146	1182
146	1211
147	1189
149	1202
100	1275
105	1241
107	1237
109	1245
110	1231
123	1229
123	1232
123	1247
126	1239
126	1250
127	1231
129	1245
129	1248
130	1263
132	1232
132	1269
144	1232
144	1237
146	1237
149	1236
100	1308
105	1278
109	1287
110	1307
113	1299
119	1310
122	1299
127	1316
128	1299
129	1306
130	1294
130	1306
130	1310
131	1293
131	1327
132	1310
132	1318
136	1318
138	1327
139	1291
144	1315
145	1289
145	1306
146	1281
146	1307
149	1327
149	1329
100	1361
101	1362
105	1356
107	1338
110	1348
110	1359
119	1334
119	1341
126	1334
126	1350
128	1355
129	1369
131	1342
132	1349
132	1369
143	1349
143	1380
145	1344
149	1381
105	1414
107	1404
107	1421
109	1417
110	1426
113	1420
119	1426
122	1435
123	1420
123	1435
126	1416
127	1407
127	1420
127	1433
128	1406
130	1406
131	1420
132	1406
139	1406
143	1420
144	1426
146	1426
147	1408
147	1430
100	1447
101	1455
101	1481
105	1482
110	1437
122	1439
122	1474
122	1482
126	1454
126	1461
128	1437
128	1451
129	1477
129	1484
131	1437
131	1444
132	1474
136	1437
136	1451
144	1474
146	1476
147	1463
147	1476
101	1491
105	1497
105	1508
107	1503
113	1495
119	1491
123	1488
126	1509
127	1506
127	1523
128	1489
128	1496
128	1497
128	1535
129	1514
130	1506
131	1487
131	1531
138	1534
139	1509
143	1497
143	1531
146	1506
154	202
158	249
166	220
166	224
166	229
168	206
168	216
169	212
173	206
173	247
176	244
178	224
178	226
179	216
184	207
185	207
155	275
157	255
158	282
166	272
166	284
170	254
170	289
172	285
174	254
178	273
178	289
179	266
179	272
183	284
184	266
188	273
195	267
198	292
153	312
153	316
154	317
154	339
157	304
160	339
163	316
163	344
169	338
170	321
170	336
170	343
172	317
174	333
176	308
176	333
178	317
179	321
183	335
185	339
188	333
189	311
189	325
196	325
196	330
198	304
154	398
157	398
163	395
169	385
169	398
170	363
172	350
172	370
172	389
173	398
177	360
177	394
179	376
179	389
179	394
182	385
182	394
183	392
183	394
183	398
184	360
184	380
185	371
185	373
189	366
189	392
189	394
196	356
196	376
199	353
199	387
154	412
155	412
158	420
163	438
168	401
168	417
169	445
174	416
176	413
177	405
177	417
177	429
178	427
178	448
182	426
182	448
183	437
185	404
185	414
185	434
195	402
195	412
195	445
196	413
196	427
198	426
198	438
199	429
155	463
157	459
158	451
158	455
160	468
163	464
163	492
168	489
170	492
172	491
173	476
176	460
176	492
176	495
177	499
178	450
178	481
182	451
182	460
185	468
189	482
189	499
195	464
196	461
198	450
198	468
198	492
199	463
153	534
153	536
154	539
155	507
157	520
158	507
172	516
172	521
172	527
173	509
173	521
177	534
178	505
178	509
178	547
182	548
183	520
185	506
185	530
188	527
196	501
196	520
198	506
198	521
198	539
199	526
154	560
154	581
157	584
160	551
160	560
160	571
166	564
166	571
166	592
168	569
168	572
169	584
169	590
169	593
170	571
170	583
173	555
176	551
177	584
179	551
179	579
179	593
182	553
182	569
182	583
183	551
183	572
183	598
183	599
184	580
195	584
195	593
198	560
154	639
155	622
155	628
157	629
160	642
166	627
168	622
168	650
172	650
173	632
173	642
174	619
174	629
176	606
177	609
177	621
178	626
179	642
183	632
184	606
185	620
185	621
189	632
189	639
195	610
195	639
196	604
196	621
196	623
199	609
199	626
154	693
155	697
157	696
158	652
158	681
163	659
163	681
168	696
170	653
172	658
172	677
174	699
176	696
183	669
188	658
189	669
189	670
198	652
198	654
199	653
153	729
155	739
157	713
160	718
163	716
166	713
168	708
169	713
170	701
174	702
174	736
176	718
177	723
182	707
182	708
184	707
184	721
184	726
185	717
185	729
188	736
198	729
198	746
199	721
199	739
153	785
154	791
155	772
155	785
157	757
157	767
157	789
158	767
158	792
160	799
168	780
170	785
172	775
173	799
174	790
177	797
178	780
179	767
179	789
182	791
185	780
189	781
189	791
189	792
189	799
195	772
195	790
196	773
199	757
199	792
153	817
153	850
153	854
153	876
154	823
154	845
154	850
157	808
157	864
160	875
163	802
166	808
166	820
166	874
168	863
169	865
172	863
173	838
173	864
174	817
174	841
174	863
179	833
182	857
182	860
183	817
183	843
183	867
185	859
188	817
188	825
188	841
188	872
188	875
196	835
196	852
196	874
198	850
198	862
199	845
199	857
199	864
153	908
155	892
157	901
158	895
160	913
168	901
168	903
170	889
170	898
170	903
172	907
173	887
173	892
173	907
173	915
174	898
178	907
183	888
183	907
183	913
189	913
199	879
199	903
153	937
153	954
154	957
155	957
157	936
160	959
160	962
163	938
163	944
163	966
166	965
168	932
168	943
168	948
168	967
168	969
169	938
174	953
174	977
177	944
178	929
182	954
185	955
185	966
188	948
188	969
189	958
189	977
195	962
196	972
153	1024
155	1020
157	1026
160	1011
166	1025
166	1026
168	1019
168	1024
176	992
177	993
177	1002
177	1009
177	1011
183	1009
184	1008
189	1022
196	1014
199	998
153	1046
153	1059
155	1041
157	1034
157	1047
158	1047
158	1057
163	1060
166	1037
166	1044
169	1046
170	1040
172	1064
172	1066
174	1061
176	1057
177	1046
178	1030
182	1050
182	1059
183	1056
183	1057
185	1038
188	1032
188	1050
188	1054
188	1059
189	1046
189	1051
195	1052
195	1057
195	1061
198	1057
153	1125
155	1105
157	1124
163	1114
169	1121
172	1111
176	1087
177	1114
183	1119
185	1096
188	1111
196	1079
153	1162
157	1153
158	1130
158	1135
158	1151
168	1150
169	1129
170	1135
170	1145
172	1128
176	1129
177	1130
177	1145
182	1147
182	1161
184	1140
184	1150
184	1158
184	1162
185	1128
196	1177
198	1153
199	1164
154	1206
155	1202
158	1201
163	1192
163	1226
166	1211
168	1209
170	1206
172	1206
174	1193
174	1224
176	1195
176	1204
177	1191
177	1193
182	1224
184	1195
184	1204
184	1224
188	1189
189	1187
198	1181
198	1182
153	1256
154	1272
155	1263
158	1247
160	1263
163	1241
163	1256
163	1275
166	1229
166	1239
166	1248
166	1275
169	1229
169	1272
172	1240
174	1240
176	1258
179	1263
179	1270
183	1232
183	1247
183	1256
183	1258
183	1277
188	1275
189	1245
195	1258
196	1246
196	1276
198	1246
199	1248
199	1272
153	1285
153	1300
154	1288
154	1290
157	1329
158	1283
163	1283
169	1281
169	1300
169	1306
169	1330
172	1288
172	1307
173	1278
174	1328
176	1294
177	1283
177	1306
178	1318
178	1327
182	1307
182	1330
183	1291
183	1310
184	1293
188	1287
189	1282
189	1283
189	1288
189	1307
189	1315
189	1326
195	1285
195	1289
196	1286
198	1279
153	1341
155	1338
155	1339
157	1359
160	1344
163	1353
169	1381
170	1348
172	1338
182	1338
182	1349
182	1372
183	1339
183	1348
184	1348
185	1367
189	1348
189	1356
189	1367
195	1344
198	1334
160	1401
160	1413
160	1430
168	1400
168	1407
169	1396
169	1425
170	1404
170	1420
170	1433
173	1389
173	1421
176	1402
176	1408
177	1403
177	1421
178	1396
183	1416
184	1400
184	1410
188	1425
188	1433
195	1414
195	1433
196	1401
196	1413
196	1425
153	1448
154	1463
155	1447
155	1448
157	1481
158	1444
166	1461
168	1466
170	1481
179	1453
179	1454
179	1461
179	1477
183	1453
183	1461
184	1447
185	1465
189	1463
189	1482
196	1471
196	1484
198	1469
199	1477
153	1487
155	1516
163	1506
163	1534
166	1534
173	1531
174	1514
176	1495
176	1497
178	1508
184	1532
195	1497
195	1535
201	282
206	267
206	284
210	254
210	275
213	265
213	267
223	267
223	292
225	285
244	293
247	251
247	258
247	267
248	269
249	284
206	333
207	331
207	339
213	306
213	336
216	328
224	335
234	318
247	312
247	316
248	344
249	339
201	389
202	361
202	363
202	365
202	397
207	397
212	389
212	392
213	363
223	383
224	395
225	350
226	353
226	361
229	350
229	365
229	397
234	360
247	355
247	358
247	380
248	355
249	371
201	441
202	410
202	419
202	426
206	400
206	412
207	401
212	429
213	413
216	414
216	448
216	449
220	405
220	427
220	429
223	404
223	408
224	417
224	429
224	445
225	400
226	413
229	414
244	412
247	445
248	436
249	400
249	417
249	419
249	445
202	450
212	456
212	476
212	491
213	492
216	455
216	489
223	460
225	480
226	491
229	459
234	459
234	491
249	473
249	492
201	501
202	516
206	501
207	510
213	548
216	517
220	548
225	513
226	509
226	539
229	527
234	510
244	540
247	509
248	501
248	536
202	551
206	571
207	584
216	564
220	590
223	573
224	590
224	596
229	570
229	586
234	555
249	593
201	648
202	639
202	648
207	650
216	610
216	650
224	610
244	627
244	632
247	609
247	647
201	681
202	655
202	660
210	679
212	669
212	670
216	688
220	668
223	668
229	677
229	681
234	681
244	693
247	679
248	660
248	696
249	671
202	708
202	749
210	723
210	738
213	701
220	735
224	708
224	738
225	735
225	749
244	733
244	746
247	716
248	735
201	767
202	773
207	756
210	767
213	773
216	770
216	777
223	769
225	797
226	766
229	772
244	758
244	770
247	800
248	777
248	791
249	780
249	791
201	817
201	843
201	853
201	859
201	863
202	841
202	854
206	835
206	862
212	865
213	813
220	850
224	808
224	835
225	877
226	835
229	875
234	875
247	806
247	825
247	863
201	886
201	905
202	879
202	899
206	895
206	918
206	927
207	912
210	905
212	886
213	899
213	903
216	915
220	907
220	927
224	888
225	879
225	888
225	927
226	889
229	887
229	915
234	898
244	879
244	905
244	912
247	885
247	895
248	885
248	898
201	945
202	954
206	958
206	962
207	936
207	944
207	967
210	943
210	972
212	929
223	931
224	937
225	948
225	952
225	958
229	950
234	957
234	967
244	944
244	955
244	963
247	953
247	972
248	943
249	931
249	937
201	1020
201	1024
206	1020
207	1014
210	998
212	1009
213	1026
213	1027
220	986
220	1001
224	982
225	1026
226	986
229	993
248	1021
248	1025
202	1046
202	1066
206	1032
206	1051
206	1057
207	1061
207	1073
210	1052
212	1029
212	1046
223	1052
223	1057
229	1034
244	1052
248	1055
202	1079
207	1080
213	1096
213	1121
213	1124
223	1111
226	1105
202	1140
206	1152
207	1129
207	1153
210	1129
210	1161
210	1172
216	1161
220	1164
223	1145
224	1172
225	1151
225	1153
229	1142
244	1141
247	1141
247	1147
247	1150
248	1161
201	1205
201	1226
206	1191
210	1209
213	1226
216	1207
220	1182
220	1191
220	1224
223	1192
224	1213
225	1194
225	1205
225	1224
234	1194
244	1215
247	1179
248	1208
249	1215
249	1224
201	1272
207	1231
207	1246
210	1249
212	1260
216	1239
216	1274
223	1246
223	1263
224	1276
225	1232
225	1245
225	1270
226	1240
234	1247
247	1231
247	1250
248	1231
248	1277
249	1272
202	1300
206	1281
206	1283
206	1291
206	1327
207	1288
212	1285
212	1318
212	1328
220	1286
220	1291
224	1293
224	1316
225	1315
226	1282
226	1324
229	1281
229	1287
234	1278
234	1289
244	1294
247	1329
248	1278
212	1341
212	1356
212	1366
223	1362
224	1350
229	1355
229	1372
234	1355
234	1380
244	1353
201	1410
202	1414
207	1404
212	1408
216	1410
216	1435
220	1402
223	1406
223	1408
224	1403
224	1417
226	1421
226	1435
234	1405
244	1413
247	1396
247	1406
247	1410
201	1453
201	1454
201	1455
202	1481
206	1474
210	1453
210	1476
212	1444
216	1453
216	1477
220	1444
223	1448
224	1454
226	1454
234	1444
247	1466
249	1463
202	1496
202	1523
207	1487
207	1509
212	1516
213	1506
220	1508
220	1531
224	1487
226	1491
244	1488
248	1532
249	1491
249	1495
251	336
254	317
258	317
259	344
266	312
267	304
269	308
269	344
272	318
273	311
273	316
273	317
273	324
275	308
275	331
284	312
292	324
292	344
255	393
255	395
258	363
265	370
266	353
266	398
267	355
273	381
275	392
282	385
283	358
283	363
283	376
288	350
288	369
288	389
288	392
289	398
293	356
293	369
293	389
297	352
297	365
251	449
254	414
254	437
255	414
258	441
266	413
266	437
267	401
267	445
269	434
269	436
272	401
273	402
275	426
282	416
283	416
285	405
289	402
251	455
251	472
251	475
259	481
265	459
266	483
273	459
275	463
275	468
275	482
282	456
282	472
284	499
285	483
285	488
285	492
288	491
288	495
289	487
292	459
292	481
293	486
297	456
251	506
254	540
259	536
266	545
269	545
273	535
275	539
279	548
282	523
282	536
283	507
283	514
284	501
284	516
284	517
284	535
288	513
289	509
293	525
293	547
297	505
297	548
254	596
258	559
259	598
265	551
266	571
267	573
269	579
269	583
272	598
273	586
275	599
279	581
282	569
283	555
283	559
283	579
284	568
284	590
285	555
285	596
288	564
288	594
293	569
293	584
297	568
297	569
254	619
255	626
258	648
259	648
265	639
265	650
266	639
266	642
273	620
273	639
275	626
282	622
283	610
284	620
284	642
289	627
292	620
251	699
254	671
255	659
258	699
259	697
265	698
266	699
269	658
269	659
272	668
275	679
279	670
284	671
284	696
285	659
289	681
292	688
251	707
254	735
258	702
258	718
258	736
266	708
266	739
269	717
272	717
272	729
273	702
275	701
279	735
283	728
284	739
285	721
292	707
293	746
297	707
251	773
254	775
254	798
255	799
258	789
259	756
259	797
265	754
265	772
266	759
266	761
266	800
267	767
267	777
273	781
279	758
279	785
282	790
282	798
283	794
284	757
284	775
285	756
288	798
255	806
258	857
259	865
265	862
266	843
266	862
267	852
272	806
272	823
272	862
282	850
283	825
283	854
284	809
284	850
285	862
288	841
289	825
289	857
289	869
292	802
292	817
292	841
292	867
292	875
297	808
297	876
254	915
255	898
255	904
258	889
259	901
259	904
266	888
266	912
272	907
273	903
275	913
275	927
279	886
282	915
283	879
283	913
284	915
285	885
285	888
285	898
288	906
292	898
251	937
251	945
254	964
254	970
255	952
259	959
259	970
265	944
265	949
266	966
267	937
267	971
269	964
272	937
272	948
272	949
273	932
273	943
273	944
273	955
275	969
279	944
283	977
284	971
285	943
285	949
285	955
285	967
285	972
288	954
288	961
288	972
288	977
289	950
289	965
292	970
293	962
297	954
297	969
265	978
265	1024
266	1008
266	1026
269	986
272	1014
272	1022
272	1026
279	1025
279	1027
282	1027
285	1014
255	1059
255	1071
258	1054
265	1029
267	1044
267	1066
267	1068
267	1071
269	1057
273	1047
275	1033
283	1072
285	1057
288	1039
288	1055
289	1072
289	1074
292	1037
297	1033
297	1038
297	1040
297	1050
297	1072
297	1074
265	1098
267	1098
267	1115
282	1125
284	1111
284	1115
284	1121
285	1111
289	1087
251	1128
255	1172
258	1142
259	1140
265	1152
266	1129
266	1177
269	1129
269	1143
272	1162
279	1129
279	1130
285	1151
288	1151
288	1164
289	1177
251	1213
259	1207
259	1224
265	1209
265	1217
266	1194
266	1195
266	1213
267	1181
273	1194
275	1204
279	1182
279	1204
279	1225
284	1208
284	1215
285	1181
288	1200
292	1206
297	1208
251	1241
251	1256
254	1239
255	1233
255	1236
255	1237
255	1246
255	1270
259	1265
259	1277
265	1274
269	1250
269	1256
269	1263
272	1236
272	1239
273	1275
275	1232
275	1258
275	1260
275	1270
275	1274
275	1277
279	1247
279	1274
283	1237
283	1272
284	1275
289	1241
289	1265
289	1277
292	1248
293	1239
293	1245
297	1277
251	1289
251	1316
254	1317
258	1278
265	1304
266	1300
275	1289
275	1307
275	1318
279	1324
282	1304
282	1315
283	1286
283	1288
284	1327
285	1287
288	1289
289	1294
289	1328
292	1279
292	1299
292	1304
297	1289
251	1348
255	1359
255	1366
258	1381
259	1372
266	1349
266	1380
273	1338
275	1373
279	1366
284	1344
285	1372
292	1372
293	1348
251	1401
251	1403
251	1420
255	1388
258	1413
258	1418
259	1405
265	1402
265	1414
266	1400
267	1435
269	1386
272	1389
272	1426
273	1391
275	1389
275	1402
275	1406
275	1410
282	1386
282	1425
297	1404
251	1461
254	1451
254	1480
255	1461
255	1470
258	1474
265	1474
265	1484
272	1439
275	1480
283	1482
284	1481
285	1465
292	1469
293	1454
297	1484
251	1486
251	1506
254	1494
255	1487
259	1508
265	1491
266	1516
272	1509
273	1508
275	1489
282	1503
288	1516
289	1497
292	1514
293	1495
293	1506
293	1531
293	1535
297	1523
304	363
308	393
308	397
311	383
316	369
318	358
322	358
324	358
324	371
325	358
325	394
330	350
330	394
335	380
336	381
338	350
338	361
338	398
343	355
343	398
344	366
349	356
349	394
304	419
304	420
306	448
308	420
319	404
319	438
321	408
321	416
322	419
325	410
325	437
328	426
328	445
330	412
333	413
349	410
301	472
304	480
304	481
304	492
306	499
316	459
316	483
317	476
318	476
321	460
321	483
324	494
325	483
328	482
331	451
333	456
339	461
339	488
340	487
343	481
349	455
301	505
301	507
301	521
306	505
311	520
311	525
312	517
312	545
316	520
318	505
318	516
319	526
321	525
321	536
322	534
324	527
330	547
331	525
331	526
333	503
335	525
336	509
336	516
338	545
340	531
343	510
343	517
349	526
349	527
304	551
304	569
308	551
312	560
312	578
316	564
317	559
317	560
317	564
317	598
318	551
318	583
319	559
322	579
322	592
324	559
324	590
325	579
330	555
331	596
333	574
333	584
335	551
335	579
335	598
339	573
339	583
343	593
349	574
312	608
312	623
317	639
325	620
328	627
330	628
333	608
333	627
338	603
338	620
339	610
339	648
340	609
340	626
343	639
349	608
304	671
306	699
308	651
308	699
316	654
317	677
319	654
319	690
321	655
324	653
325	652
328	653
328	679
333	659
335	677
338	658
339	696
340	660
344	698
349	659
349	679
301	718
304	726
304	733
306	722
306	728
306	738
308	733
308	749
311	728
312	705
317	721
317	738
318	744
322	708
324	716
331	735
336	713
336	726
338	716
338	744
340	736
343	729
344	736
349	721
301	790
304	792
311	770
312	772
317	758
321	757
321	772
321	775
321	780
322	754
322	773
322	781
322	790
325	756
325	759
328	775
330	758
331	766
335	777
338	769
339	761
339	777
340	785
343	754
343	758
343	785
343	790
344	789
344	790
349	769
349	798
301	841
304	828
306	835
308	809
308	844
308	845
311	857
312	808
312	838
316	844
316	852
318	862
319	863
321	850
322	853
322	867
324	817
330	854
330	872
331	844
333	806
335	841
335	867
336	863
336	876
338	820
338	877
339	875
340	867
343	863
349	813
349	841
301	907
304	899
304	901
311	907
312	898
317	927
321	918
322	885
322	912
322	915
324	879
325	899
325	904
331	906
333	886
339	899
340	892
340	912
349	918
301	928
301	949
301	952
301	953
304	955
306	937
316	974
317	962
318	950
318	962
319	938
321	967
322	945
325	943
328	953
330	964
330	971
331	949
331	970
331	977
333	928
333	950
333	971
336	929
338	944
340	967
340	969
343	958
306	993
311	1001
317	1020
324	1020
325	983
328	978
331	978
335	1002
335	1020
336	993
336	1025
340	1008
343	1026
344	992
344	1009
349	1020
349	1026
304	1051
308	1050
316	1034
317	1050
317	1060
317	1066
318	1064
321	1032
321	1068
324	1034
324	1068
325	1052
325	1056
328	1041
330	1050
331	1052
333	1032
333	1051
336	1034
338	1034
338	1059
338	1071
339	1064
339	1068
340	1057
349	1044
349	1074
301	1115
306	1114
317	1080
321	1125
324	1079
324	1125
325	1125
328	1125
330	1111
330	1117
331	1079
336	1098
338	1115
338	1119
340	1079
340	1080
340	1111
340	1119
344	1087
349	1124
301	1135
306	1152
308	1145
312	1147
312	1152
316	1145
317	1177
322	1147
324	1128
325	1140
325	1153
325	1158
328	1135
328	1164
330	1130
335	1135
335	1142
335	1147
338	1129
338	1141
338	1152
339	1152
349	1158
301	1189
304	1179
304	1206
311	1208
311	1211
312	1181
316	1225
316	1226
317	1182
317	1187
317	1224
318	1195
322	1208
324	1189
324	1211
324	1225
325	1179
325	1226
330	1182
333	1206
333	1209
338	1195
338	1208
338	1211
338	1213
338	1225
343	1202
343	1208
343	1215
301	1237
304	1240
306	1256
311	1277
316	1258
316	1265
317	1241
318	1253
321	1241
321	1249
322	1245
324	1272
328	1239
328	1248
330	1265
331	1246
333	1253
343	1229
343	1240
344	1239
301	1287
301	1326
304	1279
304	1283
304	1293
304	1329
311	1328
312	1282
312	1289
312	1317
316	1327
317	1289
318	1306
319	1306
321	1306
322	1279
322	1307
324	1294
325	1285
328	1294
328	1304
331	1281
331	1283
331	1307
333	1292
335	1292
336	1282
336	1291
336	1304
336	1308
336	1329
338	1289
338	1316
339	1291
339	1324
340	1300
343	1282
343	1285
343	1317
344	1278
349	1307
349	1330
312	1344
316	1341
316	1369
319	1349
321	1344
322	1367
324	1372
330	1361
330	1373
336	1359
338	1339
339	1367
343	1380
301	1388
301	1418
306	1410
311	1404
312	1403
312	1417
312	1425
316	1426
317	1435
318	1433
319	1396
319	1401
319	1404
319	1410
321	1410
328	1421
330	1389
331	1396
331	1417
331	1421
333	1389
335	1413
335	1420
335	1433
336	1405
338	1417
339	1407
340	1389
343	1402
343	1416
343	1421
343	1433
344	1401
349	1406
349	1433
304	1477
306	1444
306	1448
306	1450
311	1482
312	1447
312	1474
312	1482
316	1454
317	1469
317	1476
318	1453
321	1451
322	1437
330	1444
330	1453
330	1465
336	1453
339	1439
339	1480
343	1437
344	1469
349	1469
349	1476
301	1506
301	1531
304	1509
306	1497
308	1488
308	1506
316	1523
317	1486
318	1489
321	1495
321	1496
322	1489
325	1488
328	1486
328	1512
330	1531
333	1486
336	1494
336	1495
336	1535
338	1491
340	1491
340	1503
343	1494
343	1497
344	1506
349	1506
349	1508
352	429
353	448
360	449
361	426
363	400
363	416
369	408
369	427
369	429
369	445
371	401
373	414
376	417
380	417
381	437
385	419
387	419
389	416
393	436
394	405
394	416
394	438
394	441
397	417
350	461
353	461
355	491
356	451
356	476
358	450
358	464
360	461
365	461
365	480
366	451
369	480
371	459
371	482
380	463
381	450
381	451
383	461
383	483
385	473
389	460
389	499
392	461
392	490
393	472
394	463
395	464
395	480
395	488
397	456
397	490
398	488
350	517
352	545
352	547
356	539
358	530
365	525
369	527
371	516
376	527
381	509
381	516
383	513
383	545
385	531
387	509
387	547
389	520
392	513
393	513
393	535
394	517
398	540
350	583
352	596
358	559
360	574
360	580
361	555
361	572
363	571
363	599
369	559
371	593
373	559
376	573
376	581
376	590
380	555
381	553
381	560
385	583
393	596
350	620
355	609
355	619
363	608
363	627
365	604
365	627
366	627
370	603
376	650
380	627
381	622
385	622
397	604
398	642
398	644
350	670
350	671
353	688
353	697
355	693
356	652
363	653
363	693
365	659
366	681
369	671
369	677
370	653
371	677
381	659
383	658
383	693
387	651
393	688
397	659
397	660
398	670
398	677
350	721
350	746
352	717
352	735
355	713
358	722
361	708
361	716
365	739
366	723
366	726
369	749
371	738
373	717
380	726
381	718
381	722
383	702
387	717
392	721
393	713
395	713
398	736
350	772
353	756
353	766
355	800
356	789
363	759
363	767
363	781
363	789
365	767
365	798
371	756
371	791
373	758
373	773
380	756
381	767
381	799
383	791
385	773
387	792
389	766
393	780
394	785
395	799
398	769
398	773
350	854
352	802
352	813
352	833
353	833
355	844
358	872
360	876
361	876
363	809
363	828
363	843
365	823
366	825
366	852
369	841
370	852
371	864
376	823
380	809
381	809
383	864
385	802
385	872
387	817
389	862
393	867
393	876
394	864
395	877
397	806
350	899
353	888
355	895
355	927
356	885
356	886
360	899
363	915
369	886
370	886
376	906
381	901
383	895
385	905
387	908
393	879
394	908
395	903
395	907
395	912
397	915
398	885
398	889
350	965
350	977
352	943
353	954
353	967
356	954
358	945
365	970
366	938
369	967
369	977
370	964
371	950
373	972
376	953
380	972
381	974
381	977
383	929
383	953
383	977
385	959
385	969
387	952
387	965
389	945
393	950
393	977
395	959
397	964
350	978
352	1014
352	1026
353	982
355	1008
360	986
363	986
363	992
365	978
365	1026
371	1019
373	993
380	992
380	1011
380	1014
380	1019
387	998
387	1019
387	1025
387	1026
393	993
394	1011
395	986
395	998
397	1011
350	1034
350	1044
350	1054
352	1064
355	1073
360	1046
360	1054
360	1066
361	1029
361	1061
361	1068
363	1054
363	1056
365	1073
366	1059
369	1030
369	1050
370	1029
370	1060
371	1032
371	1056
371	1068
373	1041
381	1072
383	1040
383	1041
385	1040
387	1059
392	1029
392	1038
392	1056
392	1059
392	1073
393	1066
394	1044
394	1046
394	1057
395	1030
395	1040
397	1037
397	1059
350	1087
352	1105
352	1115
355	1115
360	1080
366	1102
366	1117
366	1121
369	1084
370	1079
373	1079
373	1084
381	1096
381	1125
383	1080
393	1114
394	1098
395	1105
395	1124
397	1102
398	1084
350	1128
353	1165
356	1132
358	1165
363	1130
363	1145
365	1158
371	1162
373	1150
380	1165
385	1145
385	1164
392	1161
395	1164
350	1202
350	1215
356	1179
356	1191
356	1200
358	1191
363	1224
363	1226
365	1191
366	1195
369	1191
381	1182
381	1191
381	1202
387	1201
389	1193
393	1194
393	1202
398	1202
398	1206
350	1260
350	1276
352	1240
353	1245
356	1245
360	1232
360	1248
360	1277
363	1236
363	1260
365	1232
365	1233
365	1247
366	1263
366	1265
369	1236
373	1265
376	1250
376	1277
385	1239
389	1276
392	1232
393	1258
394	1247
397	1269
350	1283
350	1288
350	1324
352	1304
352	1316
355	1315
355	1317
360	1278
360	1288
360	1306
361	1285
361	1300
361	1330
363	1294
366	1283
369	1287
370	1292
371	1299
373	1285
373	1287
373	1299
380	1285
380	1318
381	1293
383	1292
383	1306
383	1318
385	1315
387	1327
389	1330
392	1329
395	1326
398	1278
398	1317
350	1362
360	1369
363	1344
366	1350
366	1367
366	1380
369	1361
371	1366
383	1356
385	1344
389	1355
395	1342
395	1355
398	1342
398	1380
350	1430
352	1389
355	1413
356	1389
356	1403
356	1418
356	1425
360	1388
360	1412
361	1418
363	1403
365	1421
366	1386
366	1391
370	1403
371	1401
371	1405
373	1401
373	1418
376	1410
376	1414
380	1417
383	1405
387	1417
389	1433
392	1401
393	1391
393	1396
393	1405
395	1389
395	1412
395	1435
350	1439
350	1469
350	1480
352	1469
356	1455
358	1448
358	1453
361	1466
369	1469
370	1437
370	1471
371	1451
373	1470
381	1439
389	1466
398	1454
350	1514
352	1489
352	1512
353	1496
356	1489
356	1523
356	1531
358	1512
361	1516
361	1532
363	1532
365	1495
366	1487
366	1506
370	1523
371	1516
373	1487
373	1488
373	1516
380	1496
381	1486
381	1495
385	1497
385	1523
389	1512
392	1532
397	1491
398	1486
398	1509
400	495
401	482
404	456
404	494
405	495
408	468
408	491
412	463
412	481
413	476
413	494
413	495
414	482
414	487
416	481
416	494
417	460
420	460
420	487
420	490
426	456
426	476
426	490
427	486
427	492
429	476
434	450
434	480
434	499
436	480
437	459
437	486
438	487
441	464
445	473
448	473
448	486
448	495
400	548
401	526
402	517
404	520
405	506
416	505
416	513
417	539
419	517
420	510
429	501
429	503
429	510
434	527
434	545
436	527
437	503
441	523
445	547
448	513
448	536
449	516
400	573
400	584
401	583
402	555
402	584
404	564
404	581
405	551
405	599
412	559
412	570
413	581
413	583
413	593
413	598
417	560
417	578
419	568
420	594
427	578
427	583
427	590
429	571
429	572
434	570
434	594
436	594
438	594
441	555
445	586
448	583
448	593
449	578
400	619
402	610
402	632
414	621
416	603
416	648
417	629
419	650
427	648
429	603
429	623
438	623
441	606
441	608
441	610
445	622
400	679
400	693
404	653
405	654
405	670
405	696
408	652
410	677
413	655
414	654
416	688
420	651
420	698
420	699
426	671
427	681
434	653
436	679
437	655
441	690
445	669
449	670
401	722
402	728
404	735
408	701
408	716
412	707
412	721
417	716
417	722
417	729
420	722
426	722
429	701
429	705
429	729
436	702
445	701
448	716
449	701
449	702
449	746
401	790
404	790
404	792
405	775
414	761
416	794
417	756
417	777
419	792
420	756
420	792
426	769
427	772
427	775
436	757
436	758
436	766
436	799
437	772
438	754
438	766
445	797
448	775
448	785
400	859
401	862
404	877
405	857
408	828
410	828
410	838
410	860
413	817
413	843
414	833
416	806
416	813
416	833
416	853
416	876
417	825
417	876
419	802
419	820
420	844
420	869
426	864
426	876
429	845
434	817
434	860
436	864
437	813
437	877
445	823
445	872
445	875
448	875
449	838
449	859
400	898
401	915
401	927
402	898
402	899
402	913
404	889
404	908
405	898
412	901
413	927
416	886
426	905
427	906
434	918
436	913
441	901
441	903
448	898
400	949
401	972
402	970
404	948
410	949
410	967
412	928
413	964
414	955
417	971
420	959
426	948
427	943
427	948
427	962
429	936
434	950
434	961
434	969
436	928
437	929
437	966
441	938
445	938
400	1011
404	1024
408	1026
412	1014
414	1021
416	1014
419	1024
420	978
426	999
436	1024
436	1025
437	992
437	1001
438	1027
449	982
401	1047
402	1055
404	1032
404	1050
404	1068
408	1039
408	1071
412	1051
413	1056
414	1029
414	1055
414	1059
416	1032
420	1037
427	1046
427	1068
427	1072
434	1029
436	1039
437	1050
437	1066
438	1038
445	1061
448	1073
449	1061
401	1102
408	1084
408	1117
412	1079
414	1105
416	1111
427	1125
429	1098
441	1115
449	1098
400	1153
402	1165
402	1177
404	1130
410	1145
417	1132
426	1165
436	1177
437	1129
437	1164
448	1147
448	1158
400	1189
400	1200
402	1200
408	1215
412	1208
413	1211
414	1211
416	1179
419	1195
426	1193
426	1224
427	1209
427	1213
427	1225
436	1205
437	1206
445	1179
445	1213
448	1200
448	1226
400	1256
401	1260
402	1248
404	1270
408	1237
412	1237
412	1269
412	1274
413	1231
419	1250
420	1232
420	1263
426	1229
426	1260
429	1233
429	1247
429	1276
436	1232
441	1258
441	1269
448	1232
448	1253
448	1275
449	1237
449	1256
400	1307
400	1318
405	1286
405	1288
408	1288
408	1324
412	1286
412	1289
412	1292
412	1304
412	1308
413	1290
413	1317
413	1330
419	1300
426	1278
426	1310
427	1316
427	1324
427	1326
429	1304
429	1316
434	1307
434	1326
434	1327
436	1290
436	1300
437	1306
437	1317
438	1281
441	1279
441	1292
441	1310
441	1315
445	1287
448	1294
448	1304
401	1348
410	1380
413	1373
414	1356
414	1373
416	1380
426	1366
429	1335
429	1356
438	1355
441	1349
445	1380
448	1339
402	1406
402	1418
402	1421
404	1413
405	1433
408	1404
408	1430
412	1425
413	1418
414	1389
414	1405
414	1420
416	1389
416	1403
417	1405
420	1402
420	1433
426	1396
429	1391
429	1408
429	1414
429	1430
434	1401
434	1418
436	1401
437	1413
437	1430
438	1402
445	1389
445	1412
445	1413
445	1420
449	1406
400	1465
401	1461
401	1465
402	1439
402	1447
405	1471
408	1481
410	1448
412	1454
412	1461
414	1477
420	1463
420	1465
420	1471
426	1484
434	1465
436	1454
437	1447
437	1471
438	1450
445	1476
448	1476
449	1474
401	1503
401	1508
402	1494
408	1497
408	1531
410	1495
410	1503
412	1495
413	1534
414	1508
417	1487
426	1512
427	1488
429	1489
434	1491
434	1503
436	1488
437	1514
437	1534
445	1486
445	1487
445	1497
448	1535
450	516
456	531
456	548
460	501
460	513
463	523
463	531
464	517
468	507
468	509
472	520
473	534
475	507
475	530
476	516
480	514
481	535
482	526
482	536
487	507
487	513
487	517
489	501
491	530
492	506
494	525
494	536
495	540
499	506
456	579
456	592
456	599
461	592
464	583
468	578
473	560
473	583
475	590
476	572
480	555
480	590
481	568
486	551
486	573
489	598
490	555
491	551
491	586
492	598
494	555
494	586
495	596
499	583
451	609
451	627
451	648
456	610
459	622
460	621
460	632
461	632
468	650
473	608
476	608
480	628
480	629
482	639
486	622
486	627
487	648
488	650
489	606
489	627
490	610
494	629
499	603
499	644
450	655
455	669
456	660
456	690
459	698
459	699
460	670
463	677
464	693
472	654
473	671
473	696
475	681
476	698
481	693
482	653
487	671
489	653
489	669
489	690
490	697
492	659
495	658
499	660
451	707
451	732
455	702
456	718
456	728
456	733
456	739
461	721
472	708
475	701
482	717
483	708
486	723
486	749
489	736
489	739
490	708
499	728
450	780
451	785
456	789
456	792
459	775
459	797
460	792
461	766
461	799
463	790
464	769
468	785
472	797
473	767
475	756
475	775
475	777
480	789
480	797
481	759
481	791
481	794
486	797
488	766
488	775
489	754
490	798
491	761
491	769
492	757
494	767
495	785
495	800
499	789
451	859
451	867
455	835
456	833
456	865
459	808
464	823
468	867
472	876
473	835
473	843
473	853
476	817
482	862
486	872
487	854
487	860
492	817
494	833
494	860
495	838
495	843
450	887
450	892
451	888
451	899
455	904
455	918
459	915
464	879
464	888
464	899
468	898
472	915
472	918
476	908
480	903
480	906
481	907
483	903
486	885
499	892
451	928
451	937
451	949
451	954
451	955
455	943
455	945
455	952
459	954
460	965
461	945
461	974
464	938
464	953
472	959
473	965
473	972
475	949
480	972
481	945
481	953
482	932
488	961
489	931
489	938
489	957
489	965
490	936
490	949
490	977
491	945
491	977
492	945
494	955
494	974
499	948
499	964
455	998
459	982
460	1024
461	978
461	993
461	1014
463	986
463	999
473	999
475	1019
475	1027
480	1011
483	1002
487	986
488	983
488	1008
491	983
494	1027
499	983
499	993
455	1032
455	1050
455	1052
455	1055
455	1074
456	1037
459	1060
460	1044
461	1066
461	1071
461	1072
463	1051
473	1066
475	1068
476	1046
480	1055
480	1073
481	1034
487	1041
487	1046
487	1052
488	1039
488	1051
490	1047
491	1060
495	1041
459	1115
460	1117
461	1125
472	1117
475	1079
476	1119
481	1080
482	1087
486	1117
486	1124
490	1080
491	1079
499	1124
450	1145
450	1158
450	1165
451	1142
451	1164
455	1135
455	1177
456	1143
460	1141
463	1135
468	1153
472	1177
475	1140
481	1147
481	1162
482	1158
486	1152
487	1147
488	1152
489	1150
492	1129
494	1132
494	1151
495	1129
450	1200
450	1211
451	1205
455	1217
455	1226
456	1194
456	1195
459	1193
460	1205
461	1192
461	1204
463	1205
463	1209
472	1211
475	1217
481	1202
481	1213
482	1179
486	1211
489	1226
494	1209
450	1231
450	1272
450	1275
451	1237
459	1237
459	1277
460	1241
460	1272
461	1233
461	1263
463	1270
463	1277
464	1233
464	1241
464	1275
472	1247
472	1269
473	1245
473	1258
475	1249
475	1277
480	1236
481	1258
483	1239
488	1275
488	1277
489	1256
494	1240
494	1265
495	1233
495	1240
495	1253
495	1263
499	1277
451	1290
451	1304
451	1310
451	1316
455	1291
455	1292
456	1294
459	1306
460	1291
460	1316
460	1324
461	1315
463	1324
468	1287
475	1288
476	1287
480	1278
480	1308
480	1324
482	1330
487	1283
487	1308
488	1278
489	1282
490	1278
490	1283
491	1317
494	1290
495	1326
499	1306
499	1329
450	1341
450	1353
450	1372
450	1381
455	1348
456	1338
459	1373
463	1359
464	1335
468	1361
473	1369
475	1335
475	1342
480	1334
481	1335
482	1335
483	1353
487	1341
490	1350
490	1381
491	1335
492	1344
492	1350
499	1338
499	1367
450	1406
451	1435
455	1413
460	1405
461	1410
464	1420
468	1404
468	1410
472	1420
472	1421
475	1389
480	1386
480	1389
481	1401
482	1420
482	1430
483	1404
486	1402
486	1425
487	1425
492	1388
492	1391
494	1386
495	1425
499	1430
450	1453
450	1484
455	1437
455	1466
459	1453
460	1453
460	1455
461	1451
463	1448
464	1447
464	1484
468	1480
480	1448
480	1466
481	1451
481	1471
482	1439
482	1447
482	1471
483	1451
483	1477
486	1480
487	1448
487	1466
488	1439
489	1466
490	1453
490	1469
492	1453
492	1471
495	1484
450	1487
451	1506
455	1508
459	1512
459	1514
460	1487
460	1534
461	1516
463	1534
468	1489
475	1535
476	1512
476	1534
481	1506
481	1531
482	1495
482	1512
486	1508
488	1503
490	1487
490	1495
490	1496
490	1531
494	1496
495	1512
501	590
506	564
507	581
509	592
510	586
510	593
513	573
513	596
517	584
520	569
521	571
521	572
521	573
523	553
525	564
526	555
527	578
527	599
530	555
530	572
535	560
535	578
536	598
539	551
539	555
539	559
539	583
540	579
545	571
545	578
548	571
548	573
548	586
503	622
509	632
509	639
509	650
521	603
521	610
521	628
523	620
526	639
530	647
534	644
540	609
545	626
545	648
548	606
548	644
501	670
505	679
506	669
506	671
506	688
507	668
513	660
514	669
516	679
517	655
521	653
521	690
523	697
527	652
530	659
531	659
536	693
547	668
501	721
501	735
503	702
507	701
507	717
509	702
513	744
514	718
514	736
514	744
520	718
521	701
521	728
523	716
526	735
527	701
530	705
535	718
536	701
536	705
536	713
539	732
539	739
547	722
547	735
548	735
501	790
503	781
503	792
506	791
507	798
509	797
510	754
513	775
514	772
514	789
514	797
516	754
517	758
517	767
517	781
525	792
526	800
527	772
534	761
534	780
534	789
534	797
534	800
536	780
540	754
540	790
545	767
548	770
501	833
503	802
503	875
505	820
505	877
507	841
507	875
509	877
510	806
510	820
510	875
514	802
514	820
516	835
517	802
517	825
517	853
517	857
520	813
523	820
525	802
526	872
530	809
530	828
530	857
534	867
535	864
536	862
536	865
539	820
539	843
539	845
540	862
540	875
545	809
545	844
545	845
545	853
547	835
501	885
501	892
503	899
503	908
503	915
505	913
509	885
513	918
514	907
514	908
514	918
521	885
526	885
526	901
527	906
536	904
540	885
540	904
501	961
503	929
505	944
505	974
507	965
509	964
509	972
510	974
513	963
513	970
516	964
517	964
525	965
527	972
530	972
531	967
535	970
536	952
540	970
547	964
503	992
505	1011
506	1008
507	1002
509	1019
509	1024
509	1027
510	1002
516	982
516	1027
517	1009
517	1026
520	1001
525	982
525	1020
526	1022
527	982
527	983
527	1021
530	1027
531	982
531	998
534	978
535	1011
536	1020
536	1022
545	1002
547	1014
547	1020
548	1020
501	1046
501	1074
503	1037
503	1055
506	1060
507	1029
507	1044
509	1050
509	1066
513	1047
517	1032
517	1034
517	1072
520	1044
521	1073
523	1068
525	1041
526	1040
526	1044
527	1029
530	1051
530	1060
531	1034
534	1032
535	1044
536	1074
539	1037
540	1046
540	1071
545	1033
548	1032
548	1054
503	1105
505	1125
513	1084
514	1096
516	1080
516	1098
517	1119
520	1102
523	1084
526	1084
527	1098
535	1115
535	1119
540	1080
545	1102
545	1114
547	1087
547	1102
547	1114
547	1117
547	1121
548	1084
548	1111
501	1128
501	1164
503	1135
505	1132
506	1130
506	1135
507	1151
507	1165
509	1145
509	1153
514	1129
517	1152
517	1161
523	1161
526	1128
526	1150
527	1150
530	1135
531	1152
534	1150
536	1128
536	1135
536	1143
539	1147
547	1128
548	1130
548	1140
501	1207
506	1200
507	1200
507	1226
509	1195
510	1182
510	1224
513	1191
514	1191
514	1226
520	1191
520	1208
521	1181
521	1213
525	1202
526	1215
531	1211
534	1182
535	1192
535	1208
535	1209
536	1209
539	1195
540	1226
545	1211
547	1224
548	1217
501	1277
503	1233
503	1249
513	1245
513	1277
514	1263
516	1263
517	1269
521	1265
523	1249
525	1263
526	1253
534	1239
535	1272
536	1240
536	1260
536	1274
536	1275
545	1232
547	1229
547	1247
501	1286
501	1306
506	1304
506	1315
506	1330
507	1281
507	1291
507	1316
509	1293
509	1317
509	1318
510	1306
510	1307
510	1318
517	1308
520	1294
521	1288
521	1299
523	1324
526	1285
526	1304
527	1317
531	1327
536	1318
539	1286
545	1279
545	1283
545	1310
501	1348
505	1380
509	1348
510	1344
514	1369
516	1372
516	1380
517	1341
521	1335
525	1342
526	1362
531	1339
531	1353
534	1349
535	1339
540	1367
545	1366
547	1350
548	1373
505	1412
505	1433
505	1435
507	1413
507	1435
514	1416
516	1435
517	1391
517	1430
520	1386
523	1407
523	1410
523	1421
525	1416
525	1420
526	1412
527	1388
527	1400
530	1400
531	1421
531	1435
539	1389
540	1421
547	1417
548	1407
501	1437
501	1466
505	1455
505	1463
509	1470
514	1448
514	1469
520	1444
520	1451
521	1444
523	1467
525	1471
526	1469
526	1474
527	1480
530	1474
531	1447
531	1451
531	1484
534	1484
535	1480
536	1439
536	1461
536	1474
539	1450
539	1470
545	1455
547	1437
548	1481
503	1494
505	1491
513	1488
513	1506
520	1506
521	1486
521	1503
523	1516
523	1531
523	1532
525	1506
530	1509
531	1523
534	1494
536	1491
547	1512
555	619
559	603
559	604
560	619
564	639
568	623
568	650
569	619
570	632
571	604
578	647
579	639
580	608
580	644
583	606
590	608
590	610
590	626
590	639
593	621
594	632
598	621
551	696
553	671
559	688
560	652
564	655
564	690
568	653
574	688
578	652
583	698
584	653
584	670
586	697
592	677
593	651
593	660
593	677
598	654
599	653
551	729
553	716
553	729
555	708
560	707
564	723
568	723
572	746
573	721
573	728
579	713
579	723
579	738
579	739
580	746
581	744
584	701
584	708
586	717
590	746
592	729
593	708
598	705
599	721
599	735
553	758
555	777
559	772
568	775
568	790
569	799
570	767
571	777
578	758
579	769
580	761
581	766
581	767
581	781
583	785
584	789
586	772
586	773
586	794
586	798
590	757
590	773
590	775
590	781
594	785
598	798
598	800
551	877
553	825
553	841
555	845
560	841
560	859
560	869
560	874
564	802
564	823
564	825
564	828
564	844
564	874
568	823
568	843
569	809
569	833
569	869
572	860
573	853
574	860
578	835
578	850
579	845
579	853
580	843
581	820
586	841
586	864
590	809
590	845
590	867
592	863
593	862
593	875
594	809
596	833
599	874
553	895
570	908
570	918
574	895
574	908
578	913
580	886
581	892
586	889
593	905
593	907
551	966
553	937
553	950
553	954
553	965
555	961
559	950
560	963
569	957
569	962
570	932
570	952
571	964
573	954
574	966
578	961
581	959
581	972
581	977
583	971
584	966
586	966
592	969
593	958
599	945
599	972
551	1001
555	998
560	1002
568	998
569	986
569	1002
573	1009
578	1026
578	1027
581	1008
583	978
583	982
584	983
584	986
584	1019
586	998
586	1019
590	1025
592	983
592	999
592	1025
596	993
596	1021
598	986
551	1068
555	1054
555	1071
560	1052
560	1054
560	1071
564	1046
564	1055
568	1060
571	1057
571	1059
571	1072
573	1032
574	1030
574	1057
579	1039
579	1054
580	1050
581	1038
581	1073
584	1051
584	1059
590	1030
592	1029
592	1037
592	1046
592	1056
593	1040
594	1030
594	1032
598	1068
599	1044
599	1054
553	1096
555	1102
559	1125
571	1102
572	1096
572	1119
583	1087
584	1102
584	1115
590	1079
592	1115
592	1119
592	1121
593	1124
599	1087
599	1102
599	1121
551	1172
555	1142
559	1147
559	1172
564	1132
564	1152
568	1140
571	1128
572	1129
572	1135
572	1162
573	1151
578	1129
578	1150
578	1158
579	1162
580	1129
584	1132
584	1140
584	1161
584	1165
590	1140
590	1142
594	1141
598	1140
551	1224
555	1205
555	1211
559	1226
569	1201
569	1204
570	1179
570	1202
570	1226
571	1193
571	1200
572	1192
573	1194
574	1224
574	1225
578	1179
578	1194
584	1195
584	1208
586	1201
590	1204
594	1193
594	1224
596	1189
596	1192
596	1217
599	1191
551	1229
551	1233
555	1258
559	1276
564	1248
571	1253
572	1256
574	1233
574	1236
580	1265
581	1240
583	1236
583	1277
584	1245
586	1233
599	1248
551	1279
559	1310
560	1294
560	1299
560	1315
564	1283
564	1328
570	1317
571	1285
572	1285
574	1283
578	1292
579	1289
579	1292
580	1287
584	1293
584	1304
592	1293
599	1294
553	1344
553	1380
568	1355
569	1344
571	1369
573	1341
579	1362
579	1373
581	1342
581	1380
583	1369
586	1353
586	1359
590	1355
593	1339
594	1362
594	1366
596	1344
553	1402
559	1430
560	1389
560	1433
564	1404
568	1406
570	1396
570	1406
570	1420
570	1430
571	1396
571	1421
572	1389
572	1391
574	1435
578	1410
578	1412
579	1412
583	1412
586	1391
590	1406
590	1417
590	1420
593	1413
598	1408
598	1412
599	1401
599	1416
551	1471
551	1476
553	1437
555	1450
555	1474
555	1484
570	1461
571	1455
571	1476
572	1480
573	1482
574	1465
581	1437
581	1453
581	1465
583	1455
590	1454
592	1466
596	1474
596	1484
598	1451
598	1454
551	1506
551	1531
553	1491
560	1489
568	1531
569	1535
570	1497
570	1523
573	1495
579	1487
579	1509
579	1531
580	1489
580	1497
580	1516
593	1491
593	1516
604	654
606	655
610	669
620	668
627	697
628	688
629	658
629	696
632	671
642	651
642	669
642	696
648	668
648	698
603	721
604	723
604	732
606	701
608	718
609	716
609	722
619	705
620	702
620	713
621	735
622	701
623	716
623	733
650	738
603	761
603	777
606	761
606	767
608	759
608	780
609	770
610	757
610	767
620	785
622	797
629	797
632	766
632	794
632	798
642	767
642	785
647	790
648	792
603	802
603	863
604	853
608	802
608	835
609	806
610	854
622	841
622	867
623	850
623	854
626	865
627	877
642	860
644	843
604	885
606	898
609	885
619	918
621	908
621	927
622	918
623	912
626	901
629	892
639	901
647	888
647	904
647	907
647	915
650	899
604	967
606	964
608	932
609	937
610	955
619	948
620	971
621	952
621	964
621	965
622	929
622	962
626	931
628	950
628	955
629	931
629	952
629	964
632	977
639	932
639	953
639	954
639	970
639	971
642	931
642	969
644	974
650	950
650	964
604	1019
608	1026
609	1008
609	1020
621	1025
623	1008
623	1020
626	1024
627	1025
628	986
628	1024
629	998
632	1001
632	1027
642	982
642	1021
644	986
644	1020
647	1027
650	1019
606	1071
608	1034
608	1064
608	1071
609	1047
619	1055
619	1061
620	1072
621	1032
622	1051
623	1037
623	1047
626	1029
626	1033
627	1039
627	1073
629	1073
632	1040
632	1061
639	1037
642	1057
647	1060
647	1072
648	1054
606	1114
606	1121
608	1105
610	1096
621	1124
628	1098
632	1121
632	1124
639	1102
639	1121
608	1172
609	1152
610	1145
610	1153
610	1177
619	1141
619	1164
620	1164
622	1158
627	1151
629	1151
632	1143
639	1158
639	1165
642	1161
644	1141
647	1140
647	1162
648	1151
606	1205
606	1225
619	1201
622	1187
623	1207
627	1224
628	1217
639	1226
644	1207
648	1182
648	1200
648	1205
650	1179
650	1195
603	1250
604	1231
604	1233
604	1241
604	1247
604	1263
608	1245
608	1276
609	1250
610	1236
619	1260
619	1263
620	1239
622	1240
623	1269
626	1256
627	1270
628	1241
644	1229
644	1270
647	1231
647	1247
648	1237
650	1232
604	1330
606	1306
606	1328
606	1330
608	1282
609	1288
619	1283
620	1315
621	1315
621	1318
621	1330
622	1291
622	1293
623	1330
626	1290
626	1307
626	1315
627	1278
628	1308
628	1324
639	1304
639	1318
644	1306
644	1326
647	1279
648	1304
648	1330
603	1362
603	1380
604	1361
604	1362
606	1356
608	1356
608	1367
609	1381
610	1372
619	1359
620	1335
622	1339
623	1356
623	1362
626	1381
627	1342
632	1349
642	1341
642	1344
642	1349
642	1355
644	1341
644	1361
647	1335
647	1362
650	1341
650	1366
603	1402
604	1435
606	1433
608	1404
608	1420
610	1435
619	1388
619	1407
620	1401
621	1413
627	1413
628	1388
628	1391
628	1406
632	1406
632	1408
632	1418
642	1413
642	1430
647	1420
648	1404
604	1461
606	1461
608	1465
609	1447
619	1451
621	1448
623	1450
623	1481
626	1454
627	1466
628	1467
629	1444
629	1450
639	1444
639	1484
644	1448
647	1482
603	1488
604	1503
606	1495
608	1503
619	1534
623	1534
626	1531
627	1497
629	1497
629	1514
632	1486
632	1506
642	1497
644	1488
644	1535
651	707
652	713
653	707
658	723
659	721
659	726
660	717
660	726
660	744
668	749
670	707
671	723
671	735
681	723
696	722
699	738
652	754
652	761
653	754
653	798
655	789
670	772
670	799
671	772
677	761
681	797
681	799
688	761
697	797
699	773
651	802
651	877
652	876
654	813
654	857
659	820
660	802
660	867
660	869
668	823
671	802
671	865
677	844
677	859
677	869
679	863
693	869
696	859
696	862
699	845
655	898
668	899
668	906
670	912
671	889
681	887
690	895
690	908
693	927
696	901
697	887
699	879
651	943
651	955
652	943
652	948
652	954
653	964
655	948
658	957
658	965
659	936
660	961
669	943
669	950
669	957
669	971
670	964
670	965
671	969
679	945
679	950
679	963
679	970
681	931
681	943
688	963
693	957
693	964
696	931
697	953
697	962
697	977
698	969
699	965
651	1008
652	1022
658	982
658	1019
659	982
669	1024
679	1011
679	1021
681	1021
681	1027
688	986
688	992
696	1024
698	1024
699	1008
651	1041
653	1033
653	1038
653	1066
655	1044
655	1051
659	1041
660	1040
660	1056
668	1056
669	1037
669	1054
671	1039
671	1072
677	1071
690	1034
693	1038
696	1037
696	1038
697	1047
699	1046
699	1047
653	1098
660	1084
671	1125
688	1125
651	1132
651	1135
653	1128
653	1143
655	1129
659	1140
660	1141
670	1141
671	1135
677	1162
681	1135
681	1165
681	1172
690	1129
690	1145
697	1142
654	1189
658	1200
660	1217
669	1193
670	1200
670	1217
671	1192
677	1206
688	1187
688	1202
690	1200
651	1233
651	1247
651	1276
652	1272
655	1275
658	1237
658	1248
660	1229
660	1232
668	1229
668	1275
670	1250
679	1236
679	1274
681	1245
681	1247
681	1256
690	1246
693	1232
696	1231
696	1237
696	1248
698	1277
699	1276
651	1283
652	1316
654	1310
654	1318
658	1291
658	1299
658	1315
659	1287
659	1306
660	1310
660	1330
668	1308
669	1310
669	1315
671	1288
679	1278
679	1308
679	1324
681	1283
681	1306
681	1310
690	1294
690	1315
693	1283
693	1326
696	1291
696	1304
696	1307
696	1324
697	1290
698	1283
698	1291
652	1361
653	1349
653	1362
655	1344
658	1361
659	1366
660	1366
668	1373
671	1353
677	1335
693	1372
698	1334
698	1344
698	1381
699	1361
699	1366
699	1369
652	1433
653	1400
653	1405
654	1407
658	1403
668	1388
677	1396
677	1408
679	1420
688	1400
688	1401
693	1412
693	1417
696	1391
697	1406
651	1448
652	1451
653	1470
660	1474
660	1482
671	1448
671	1450
677	1461
677	1471
679	1455
688	1463
697	1463
699	1451
699	1455
652	1523
653	1532
654	1488
659	1494
660	1503
668	1516
670	1512
671	1494
671	1516
677	1503
677	1506
679	1516
688	1487
688	1489
690	1514
696	1512
698	1488
701	766
701	792
702	769
705	757
705	792
713	800
716	766
718	757
718	758
721	791
722	798
723	781
733	780
735	797
738	790
739	792
746	754
746	799
702	852
707	862
708	844
708	857
713	809
713	867
717	859
717	876
718	825
721	823
721	828
726	852
728	862
728	864
729	823
729	853
735	867
735	876
736	802
736	875
738	860
739	825
739	864
744	828
749	874
701	913
707	886
713	887
716	895
716	918
717	889
718	913
722	912
723	885
723	905
728	918
732	879
732	889
732	913
733	885
744	887
746	904
701	944
705	931
707	931
707	971
708	948
713	929
713	945
713	955
716	961
718	929
718	944
721	928
722	945
723	955
728	974
732	932
733	953
735	953
735	967
738	950
749	943
749	959
749	961
749	970
701	1024
702	1009
702	1014
702	1022
705	983
705	986
707	999
707	1011
713	993
716	1014
717	999
721	1014
723	1020
728	1014
732	978
732	1020
738	1008
744	999
744	1002
744	1021
744	1022
702	1052
705	1068
707	1037
707	1040
707	1071
708	1034
713	1029
713	1060
716	1038
716	1061
717	1066
718	1038
718	1044
722	1040
722	1056
722	1066
723	1040
726	1057
728	1030
728	1040
728	1044
728	1060
729	1038
729	1051
732	1052
733	1029
735	1029
735	1050
735	1059
738	1056
739	1073
744	1060
746	1029
746	1038
749	1040
701	1102
705	1117
707	1121
713	1111
713	1114
717	1098
717	1105
718	1098
721	1121
728	1079
728	1117
738	1114
739	1119
744	1119
744	1121
749	1117
705	1165
708	1129
713	1130
716	1177
718	1132
722	1140
722	1151
723	1140
726	1162
729	1165
732	1142
732	1145
732	1172
733	1135
735	1141
738	1130
738	1147
738	1172
749	1143
702	1195
702	1211
705	1207
707	1209
708	1182
713	1217
713	1224
716	1193
718	1209
721	1206
723	1202
726	1189
726	1193
726	1206
728	1189
728	1202
728	1206
732	1211
732	1217
738	1211
739	1194
739	1225
744	1182
746	1202
746	1217
701	1229
702	1246
705	1232
705	1239
707	1249
708	1245
713	1229
713	1276
717	1276
718	1270
721	1240
723	1248
726	1246
735	1245
735	1265
736	1274
739	1240
744	1258
744	1270
746	1233
749	1248
701	1327
702	1330
705	1327
707	1286
707	1300
707	1308
708	1299
713	1279
713	1282
716	1291
716	1307
717	1281
718	1282
718	1306
721	1308
722	1293
723	1293
728	1283
732	1292
735	1300
735	1327
736	1286
739	1300
739	1308
746	1285
746	1307
701	1367
702	1335
702	1359
713	1373
716	1342
717	1335
721	1380
722	1353
728	1335
733	1353
735	1362
738	1380
746	1334
746	1348
701	1389
702	1402
702	1426
705	1426
708	1405
708	1406
716	1418
717	1400
718	1402
721	1401
723	1389
723	1412
729	1400
733	1391
733	1400
733	1401
733	1404
733	1413
736	1433
739	1389
744	1417
746	1418
701	1437
701	1476
702	1444
702	1467
702	1471
708	1482
713	1480
716	1480
723	1461
723	1476
726	1480
726	1484
729	1453
729	1482
732	1469
735	1470
735	1471
736	1474
738	1461
738	1477
738	1480
739	1454
744	1463
744	1467
746	1453
749	1470
749	1471
701	1534
702	1535
717	1535
718	1488
722	1508
723	1516
726	1491
726	1532
728	1506
729	1508
732	1534
735	1535
736	1495
739	1496
744	1486
746	1496
749	1534
756	857
756	862
757	808
757	872
758	877
759	874
761	828
766	802
767	844
770	823
773	809
773	825
773	838
773	876
775	862
775	874
777	862
785	838
785	841
785	843
785	853
789	820
789	838
789	859
789	869
790	844
790	863
791	843
792	828
794	823
794	865
800	852
800	872
754	898
756	907
758	889
758	912
761	887
770	892
770	905
772	915
773	888
773	898
773	903
775	887
775	915
777	879
777	907
780	907
785	887
785	912
792	904
797	918
798	886
800	913
754	954
756	961
757	945
758	938
759	965
761	932
766	944
767	929
767	936
767	964
772	945
775	929
775	962
781	936
781	954
791	952
791	967
792	948
792	972
794	932
794	970
797	953
797	965
756	986
756	1001
756	1009
756	1026
757	982
757	1019
757	1025
758	1001
759	982
761	1024
766	1020
767	1021
770	1025
772	1021
775	982
775	1014
775	1019
780	1022
780	1024
781	999
785	992
785	1022
789	978
789	1011
791	978
792	1026
754	1041
754	1047
756	1056
757	1030
757	1047
757	1073
758	1064
758	1073
759	1040
759	1052
759	1057
761	1044
766	1051
766	1057
770	1038
770	1057
770	1060
772	1074
775	1056
777	1040
777	1055
780	1054
785	1034
785	1040
785	1047
791	1051
791	1056
792	1056
794	1061
797	1059
798	1029
798	1057
799	1052
800	1046
754	1084
757	1096
757	1105
757	1114
757	1124
758	1105
758	1114
761	1117
775	1115
777	1125
780	1084
799	1080
754	1141
756	1145
756	1161
758	1130
759	1145
767	1141
770	1161
772	1128
772	1132
775	1161
777	1142
777	1165
780	1164
781	1165
785	1152
785	1161
791	1135
794	1150
797	1153
798	1143
798	1164
754	1201
754	1226
756	1192
759	1191
759	1193
759	1200
766	1195
766	1217
767	1189
769	1179
769	1213
775	1215
777	1207
780	1225
781	1205
781	1213
785	1181
790	1207
790	1226
791	1191
797	1193
797	1200
797	1209
798	1224
799	1207
756	1253
757	1240
758	1233
759	1237
759	1265
759	1276
761	1274
766	1239
766	1249
767	1249
769	1232
769	1241
769	1247
770	1270
770	1276
773	1245
773	1270
777	1236
777	1265
781	1239
781	1258
785	1232
785	1241
789	1241
789	1258
790	1245
794	1277
797	1275
799	1258
800	1239
754	1279
758	1290
758	1316
758	1317
759	1279
759	1283
759	1294
761	1291
761	1317
766	1281
766	1300
770	1292
773	1304
775	1282
775	1329
777	1294
781	1316
781	1327
785	1328
789	1289
789	1292
790	1279
790	1288
791	1282
792	1315
794	1308
794	1315
797	1306
797	1327
798	1294
800	1283
754	1380
756	1339
757	1359
758	1341
761	1349
766	1334
767	1353
767	1362
770	1362
772	1334
772	1366
773	1362
777	1342
781	1341
785	1356
789	1341
789	1353
790	1380
791	1344
791	1356
791	1362
792	1348
792	1349
794	1356
797	1381
754	1396
754	1401
754	1421
756	1413
756	1433
757	1404
757	1414
757	1417
761	1400
767	1420
769	1391
769	1414
770	1396
772	1413
772	1416
773	1421
773	1433
775	1433
775	1435
781	1401
785	1396
785	1413
789	1416
789	1417
791	1396
791	1404
791	1418
797	1416
797	1425
798	1403
799	1391
799	1401
754	1466
757	1447
757	1476
758	1466
758	1477
759	1471
761	1481
761	1482
766	1471
767	1461
767	1463
767	1469
769	1448
772	1450
773	1437
773	1451
775	1465
777	1471
780	1439
790	1444
790	1451
792	1465
797	1437
798	1461
798	1466
798	1474
799	1451
799	1455
799	1469
756	1491
757	1494
757	1506
758	1531
767	1512
772	1488
772	1514
777	1488
777	1514
789	1486
789	1532
790	1496
791	1495
791	1512
792	1503
797	1486
797	1506
797	1514
798	1516
800	1494
800	1512
802	879
802	888
813	899
817	901
823	904
825	907
828	885
833	915
835	892
835	915
838	915
841	906
843	889
844	908
844	927
850	895
852	913
854	892
862	905
862	906
863	898
864	892
865	879
865	888
867	886
867	888
867	915
869	912
874	879
874	905
874	908
875	885
876	898
876	899
802	931
802	938
802	944
806	953
808	964
809	931
809	937
817	957
823	954
825	963
825	974
833	948
835	953
843	955
844	945
844	954
845	958
845	964
852	972
859	949
859	957
859	959
860	937
862	938
862	969
863	955
867	932
867	967
869	944
875	949
875	965
876	961
877	953
877	955
877	971
806	1026
809	1008
813	1026
820	1024
825	993
825	999
828	1024
833	992
833	1009
841	993
841	1026
843	1002
843	1027
844	993
844	998
850	986
850	1024
854	1008
857	999
857	1022
857	1026
859	1009
860	992
862	1020
863	993
863	998
864	982
865	986
869	998
875	993
875	1019
876	1021
802	1050
817	1054
817	1056
817	1064
820	1038
825	1051
825	1061
828	1030
828	1039
835	1072
838	1068
843	1047
852	1034
852	1038
854	1044
857	1034
857	1044
857	1055
860	1044
862	1046
863	1051
863	1054
864	1050
864	1057
864	1071
869	1055
872	1056
872	1073
874	1038
808	1080
808	1105
808	1121
809	1111
828	1111
828	1117
845	1080
845	1105
845	1117
850	1125
852	1125
854	1102
860	1114
860	1125
862	1098
863	1079
872	1079
872	1114
874	1105
875	1111
875	1119
802	1128
806	1143
806	1162
817	1135
825	1165
833	1128
835	1145
838	1162
841	1129
841	1140
843	1177
852	1152
852	1158
860	1158
863	1177
864	1128
864	1130
865	1135
865	1140
865	1162
867	1143
869	1130
874	1130
874	1172
875	1128
875	1135
877	1130
877	1135
802	1193
802	1211
813	1189
813	1202
828	1191
828	1195
828	1205
828	1217
833	1191
833	1206
833	1215
838	1211
843	1194
844	1179
844	1195
845	1182
845	1194
850	1209
853	1224
857	1191
859	1206
860	1182
862	1208
864	1202
865	1200
867	1201
869	1205
876	1189
876	1194
876	1208
877	1193
802	1246
802	1260
808	1265
809	1229
809	1237
817	1265
820	1245
823	1250
828	1260
828	1276
833	1231
835	1231
835	1233
838	1229
841	1260
845	1233
850	1236
854	1249
859	1240
859	1245
860	1277
862	1258
863	1250
864	1248
865	1260
869	1253
874	1229
874	1232
874	1253
875	1236
876	1249
876	1272
802	1279
806	1292
808	1285
823	1291
823	1308
825	1292
828	1291
828	1329
833	1286
838	1317
841	1289
843	1289
844	1285
844	1317
844	1328
845	1291
850	1289
852	1283
853	1310
857	1306
859	1317
860	1289
862	1279
862	1318
863	1289
863	1304
864	1330
865	1308
867	1281
867	1315
872	1310
872	1316
872	1326
874	1286
874	1307
875	1327
876	1279
876	1292
802	1334
806	1334
813	1366
820	1356
823	1348
828	1356
843	1338
843	1355
844	1372
850	1366
853	1335
853	1342
854	1356
860	1350
862	1353
863	1334
864	1381
865	1339
865	1356
867	1338
869	1339
869	1355
869	1367
872	1380
874	1335
874	1341
802	1400
806	1407
806	1408
806	1417
806	1433
809	1418
817	1405
817	1420
828	1391
833	1418
833	1421
838	1414
838	1435
841	1408
841	1418
843	1396
843	1406
843	1433
850	1388
850	1418
852	1408
852	1413
853	1403
859	1403
859	1433
862	1400
862	1420
864	1405
864	1406
865	1405
867	1414
869	1425
869	1426
872	1416
875	1386
877	1401
877	1420
806	1448
806	1476
808	1463
813	1465
817	1450
820	1451
820	1477
823	1439
823	1454
825	1447
825	1470
828	1477
835	1476
835	1482
838	1482
841	1482
852	1454
852	1484
853	1474
854	1439
859	1437
860	1465
860	1470
862	1447
862	1461
863	1455
863	1482
865	1455
867	1469
869	1444
869	1484
875	1469
876	1439
806	1516
808	1523
809	1514
813	1509
817	1496
817	1503
825	1496
828	1509
833	1535
838	1516
843	1509
845	1516
857	1486
860	1487
865	1491
867	1514
869	1534
879	952
879	959
885	948
885	959
885	972
885	977
886	937
887	936
888	944
888	958
892	928
892	932
892	937
901	977
906	928
906	944
908	945
908	949
908	958
912	931
912	969
913	949
913	972
915	931
915	937
915	949
915	963
918	965
927	954
886	993
888	1011
892	1022
901	978
905	982
906	978
906	1021
907	1026
912	1014
913	1020
918	992
927	982
879	1037
879	1046
879	1050
879	1055
879	1073
887	1039
888	1029
888	1037
892	1033
892	1061
895	1057
899	1059
901	1060
903	1038
905	1060
912	1037
915	1064
879	1079
887	1084
887	1096
887	1117
887	1119
888	1124
903	1084
904	1115
912	1079
927	1080
927	1098
927	1117
879	1129
879	1143
879	1153
885	1147
885	1162
885	1164
887	1177
895	1153
901	1150
903	1153
903	1164
906	1153
907	1143
912	1128
913	1161
918	1141
927	1150
879	1209
885	1195
886	1217
887	1207
888	1200
892	1204
895	1207
898	1191
898	1200
898	1217
899	1182
899	1189
901	1205
904	1205
905	1205
905	1206
906	1181
907	1207
908	1193
912	1202
913	1192
913	1195
913	1208
918	1191
918	1192
927	1200
927	1201
885	1272
895	1236
895	1256
898	1233
899	1229
899	1232
901	1240
904	1241
904	1256
904	1277
905	1231
905	1239
905	1240
907	1236
908	1270
912	1239
912	1269
918	1233
885	1299
885	1326
887	1310
887	1316
888	1330
889	1300
892	1283
892	1285
892	1287
895	1290
899	1304
899	1315
904	1278
905	1279
906	1279
906	1291
906	1304
907	1294
907	1310
907	1326
907	1329
908	1307
912	1310
913	1281
913	1288
915	1291
915	1293
915	1300
915	1308
915	1317
918	1306
918	1317
927	1294
927	1316
879	1338
885	1338
885	1339
885	1356
886	1373
887	1335
887	1353
889	1361
892	1359
895	1342
895	1380
898	1355
901	1353
901	1355
905	1335
905	1361
905	1380
906	1334
906	1353
907	1334
907	1361
912	1334
912	1342
913	1353
913	1381
915	1341
879	1421
885	1412
885	1421
885	1425
887	1400
889	1435
895	1418
895	1435
898	1408
899	1403
899	1417
901	1413
901	1421
905	1396
905	1400
905	1401
905	1414
906	1400
906	1412
906	1426
908	1388
915	1406
915	1413
918	1396
879	1466
879	1484
886	1453
887	1467
887	1471
889	1469
892	1455
895	1461
898	1470
899	1439
899	1447
899	1482
907	1461
908	1482
912	1450
912	1471
913	1444
918	1450
885	1495
887	1512
887	1514
887	1535
888	1486
895	1497
898	1488
901	1487
901	1532
903	1488
904	1489
905	1497
905	1531
906	1503
906	1516
908	1497
912	1512
927	1491
927	1494
928	978
928	1024
929	1021
932	1020
936	1027
937	998
937	1001
938	1022
945	1021
948	982
954	1002
955	1019
958	978
959	1014
961	993
963	1009
963	1024
966	1021
967	978
969	982
969	986
972	978
974	1020
974	1024
974	1026
977	999
977	1011
929	1073
931	1054
936	1033
936	1052
936	1072
937	1029
937	1039
938	1061
938	1073
943	1072
948	1050
949	1033
954	1039
955	1055
957	1074
961	1050
963	1073
965	1073
970	1039
971	1029
972	1060
977	1029
977	1073
929	1124
931	1098
932	1102
937	1125
943	1080
944	1115
954	1096
954	1105
957	1080
957	1105
959	1121
961	1102
961	1119
965	1105
969	1096
970	1105
971	1105
971	1117
974	1080
929	1162
929	1172
937	1141
938	1161
943	1143
943	1150
944	1145
944	1150
944	1158
949	1165
950	1142
952	1142
952	1177
953	1135
953	1164
954	1130
959	1141
959	1153
963	1130
965	1145
965	1150
969	1141
969	1143
972	1150
974	1177
929	1208
931	1187
931	1200
932	1179
936	1200
936	1215
938	1193
938	1208
944	1194
948	1217
949	1224
950	1213
953	1217
954	1211
954	1213
955	1194
955	1207
957	1206
958	1207
959	1201
961	1211
964	1206
964	1226
965	1187
966	1181
969	1182
969	1191
969	1201
971	1217
972	1204
974	1187
928	1248
928	1260
929	1265
936	1272
938	1233
938	1272
943	1229
943	1236
943	1256
944	1270
950	1263
952	1250
952	1258
953	1265
954	1274
955	1239
955	1253
955	1274
957	1241
958	1250
959	1274
961	1270
962	1229
965	1229
965	1241
969	1272
971	1247
974	1263
977	1263
928	1330
929	1278
929	1300
929	1318
931	1285
932	1287
932	1326
937	1318
938	1283
943	1300
943	1327
944	1294
944	1307
945	1318
945	1324
948	1289
948	1299
953	1308
954	1329
957	1291
957	1326
957	1327
958	1278
958	1326
959	1281
961	1329
962	1292
963	1283
963	1299
964	1283
964	1300
965	1286
965	1287
965	1317
967	1307
969	1329
970	1282
972	1304
972	1306
974	1278
974	1294
977	1285
928	1348
928	1366
931	1341
931	1367
936	1373
943	1362
944	1380
949	1341
949	1366
954	1372
955	1342
961	1362
962	1342
963	1361
964	1348
965	1342
966	1356
967	1353
969	1338
969	1380
974	1341
928	1412
931	1403
931	1408
932	1396
936	1391
937	1404
937	1412
937	1417
937	1426
937	1430
944	1401
945	1402
948	1388
948	1396
949	1404
949	1418
953	1388
953	1426
955	1416
957	1420
958	1389
958	1407
959	1412
961	1408
961	1425
961	1433
966	1413
966	1414
969	1403
970	1405
971	1403
972	1408
972	1420
928	1482
931	1465
931	1476
936	1451
937	1470
938	1455
938	1474
938	1476
944	1480
944	1481
945	1447
945	1455
950	1437
950	1469
952	1476
953	1469
953	1474
954	1465
954	1484
955	1453
955	1466
957	1469
958	1465
958	1469
958	1480
961	1476
962	1448
962	1465
962	1476
963	1437
964	1455
964	1465
965	1447
967	1451
970	1477
974	1471
977	1480
928	1495
932	1486
937	1489
937	1516
943	1488
945	1496
949	1496
952	1491
957	1532
958	1508
959	1491
959	1497
959	1523
961	1516
961	1534
962	1488
962	1494
962	1532
964	1534
965	1489
966	1506
974	1532
978	1032
983	1046
993	1039
998	1030
999	1072
1002	1052
1009	1051
1014	1032
1014	1034
1019	1046
1019	1050
1021	1071
1021	1072
1022	1046
1022	1061
1022	1072
1027	1032
1027	1051
1027	1071
982	1102
992	1119
993	1098
998	1117
1001	1121
1002	1098
1002	1114
1011	1087
1014	1084
1014	1096
1014	1111
1014	1119
1019	1087
1019	1114
1021	1117
1024	1102
978	1128
982	1143
983	1142
986	1165
992	1161
993	1151
1014	1130
1019	1161
1020	1130
1025	1145
1025	1147
1025	1152
1025	1153
1026	1162
983	1179
986	1195
992	1224
1001	1209
1002	1205
1009	1193
1014	1224
1019	1200
1020	1205
1020	1215
1022	1195
1026	1193
1027	1179
978	1229
978	1250
978	1263
993	1241
993	1247
998	1275
999	1246
1001	1258
1001	1260
1001	1277
1008	1241
1008	1249
1009	1245
1014	1256
1019	1241
1019	1269
1019	1272
1020	1249
1020	1256
1022	1237
1022	1272
1022	1274
1024	1248
1024	1256
1025	1229
1025	1249
1026	1233
1026	1249
986	1288
992	1285
992	1310
992	1326
993	1329
998	1282
998	1300
999	1282
1008	1285
1020	1279
1020	1290
1020	1315
1021	1288
1021	1289
1021	1317
1025	1278
1027	1315
986	1334
986	1381
992	1356
993	1348
998	1342
999	1355
999	1366
999	1380
1009	1353
1014	1355
1019	1334
1019	1372
1020	1348
1021	1334
1021	1335
1021	1381
1022	1334
1022	1338
1024	1353
1027	1356
978	1420
982	1408
983	1405
983	1435
992	1396
992	1435
993	1426
998	1412
1001	1413
1009	1430
1011	1388
1019	1404
1020	1413
1022	1412
1024	1408
1025	1401
1025	1420
1026	1407
1027	1388
1027	1400
1027	1406
978	1463
978	1474
983	1474
986	1450
986	1465
986	1467
986	1471
992	1448
992	1482
993	1463
998	1471
998	1476
999	1437
1001	1437
1001	1448
1002	1448
1009	1466
1019	1474
1020	1461
1020	1480
1022	1467
1024	1467
1024	1470
1027	1463
1027	1471
982	1534
983	1503
998	1494
999	1488
1001	1491
1011	1488
1011	1508
1020	1487
1020	1494
1022	1489
1022	1512
1024	1512
1025	1514
1026	1494
1030	1111
1033	1114
1037	1079
1038	1098
1040	1105
1050	1084
1052	1121
1056	1087
1059	1087
1060	1117
1061	1080
1066	1121
1071	1098
1071	1121
1072	1096
1030	1145
1030	1150
1032	1172
1037	1147
1038	1153
1041	1141
1041	1143
1044	1152
1051	1161
1057	1158
1059	1143
1059	1162
1060	1135
1060	1161
1064	1141
1068	1172
1071	1129
1071	1150
1071	1152
1073	1161
1074	1140
1030	1205
1033	1193
1034	1191
1037	1182
1037	1225
1039	1206
1039	1225
1041	1213
1044	1200
1044	1207
1046	1202
1046	1205
1047	1226
1052	1206
1055	1213
1056	1202
1057	1211
1066	1205
1071	1187
1073	1205
1074	1200
1030	1260
1030	1276
1032	1241
1033	1232
1037	1276
1038	1277
1040	1275
1041	1270
1044	1249
1050	1241
1051	1263
1054	1233
1054	1265
1056	1229
1059	1246
1060	1248
1061	1269
1068	1277
1071	1236
1071	1249
1072	1233
1073	1232
1073	1265
1074	1247
1074	1272
1030	1304
1034	1291
1034	1328
1037	1290
1037	1306
1037	1318
1038	1307
1038	1308
1038	1317
1040	1294
1040	1327
1041	1316
1041	1326
1044	1288
1044	1327
1046	1326
1050	1287
1054	1288
1054	1289
1056	1294
1057	1294
1057	1299
1059	1283
1059	1291
1059	1292
1059	1293
1060	1286
1064	1308
1068	1299
1068	1326
1071	1330
1073	1306
1074	1281
1074	1324
1074	1329
1030	1373
1039	1344
1041	1355
1041	1372
1044	1339
1044	1366
1044	1372
1046	1356
1047	1355
1047	1367
1050	1380
1056	1356
1059	1339
1059	1359
1060	1353
1060	1380
1061	1372
1066	1348
1071	1367
1071	1369
1072	1335
1074	1366
1029	1406
1030	1406
1034	1389
1034	1396
1034	1418
1037	1386
1041	1406
1041	1408
1041	1416
1044	1391
1044	1404
1044	1416
1044	1426
1046	1400
1046	1426
1047	1404
1050	1421
1051	1406
1054	1401
1054	1417
1056	1388
1056	1401
1056	1421
1057	1408
1057	1430
1059	1386
1061	1389
1061	1417
1064	1388
1068	1408
1068	1433
1073	1418
1074	1417
1029	1466
1032	1439
1032	1447
1033	1437
1033	1447
1033	1477
1038	1444
1038	1451
1039	1484
1040	1454
1040	1470
1040	1471
1041	1465
1041	1470
1041	1482
1044	1484
1047	1465
1047	1481
1050	1463
1052	1469
1054	1476
1055	1455
1055	1463
1055	1466
1056	1466
1057	1484
1059	1451
1060	1447
1060	1476
1061	1454
1061	1463
1064	1465
1066	1451
1071	1480
1029	1535
1030	1491
1030	1509
1033	1495
1034	1496
1039	1523
1040	1486
1040	1491
1040	1496
1040	1503
1041	1503
1044	1516
1046	1487
1046	1494
1050	1489
1051	1497
1051	1512
1052	1508
1054	1503
1055	1496
1055	1512
1055	1535
1056	1495
1056	1512
1056	1535
1059	1494
1059	1509
1061	1508
1071	1508
1073	1512
1074	1487
1074	1497
1080	1141
1084	1132
1087	1158
1096	1128
1102	1177
1111	1141
1119	1151
1121	1161
1125	1147
1125	1162
1079	1202
1079	1209
1080	1215
1084	1187
1084	1224
1087	1189
1096	1182
1096	1193
1096	1208
1098	1187
1105	1211
1111	1213
1115	1224
1117	1226
1119	1213
1121	1201
1121	1209
1079	1229
1079	1237
1079	1263
1084	1232
1098	1239
1098	1258
1102	1246
1105	1245
1105	1256
1105	1270
1115	1240
1115	1269
1117	1233
1119	1245
1121	1233
1124	1245
1124	1275
1125	1237
1125	1250
1079	1299
1080	1306
1080	1307
1084	1294
1087	1281
1087	1282
1087	1327
1096	1293
1096	1310
1098	1304
1114	1288
1114	1315
1115	1310
1117	1315
1119	1283
1119	1294
1121	1289
1124	1279
1124	1292
1124	1300
1124	1307
1125	1283
1125	1306
1125	1307
1125	1316
1125	1330
1079	1338
1080	1344
1080	1381
1084	1361
1084	1380
1087	1341
1087	1381
1096	1381
1098	1349
1098	1362
1098	1381
1111	1356
1114	1362
1119	1349
1121	1362
1080	1396
1080	1425
1084	1402
1084	1430
1096	1425
1098	1402
1105	1402
1114	1400
1114	1404
1114	1410
1115	1410
1115	1420
1117	1407
1119	1402
1119	1405
1121	1405
1121	1435
1124	1408
1124	1416
1124	1425
1125	1402
1079	1455
1084	1470
1084	1482
1087	1476
1096	1447
1098	1447
1114	1451
1115	1480
1121	1466
1079	1503
1079	1512
1080	1523
1098	1497
1105	1516
1111	1491
1111	1532
1115	1503
1115	1508
1119	1506
1119	1512
1125	1523
1129	1201
1130	1200
1130	1209
1132	1187
1135	1208
1140	1204
1141	1213
1142	1205
1142	1208
1145	1225
1150	1189
1151	1194
1152	1194
1152	1213
1158	1215
1172	1208
1172	1226
1128	1239
1128	1241
1128	1253
1128	1263
1128	1274
1129	1272
1130	1241
1130	1245
1130	1248
1130	1249
1132	1246
1135	1229
1140	1270
1141	1263
1145	1236
1147	1239
1150	1277
1151	1246
1153	1275
1158	1229
1161	1232
1161	1248
1165	1277
1172	1236
1172	1245
1172	1269
1177	1272
1128	1279
1129	1291
1130	1324
1130	1328
1132	1328
1135	1279
1135	1316
1135	1329
1135	1330
1140	1292
1140	1294
1140	1316
1140	1328
1140	1329
1141	1282
1142	1285
1142	1299
1142	1316
1142	1330
1145	1278
1145	1283
1150	1285
1150	1293
1150	1328
1151	1291
1151	1308
1152	1300
1161	1290
1165	1310
1172	1294
1172	1317
1172	1318
1172	1326
1172	1327
1172	1328
1172	1329
1177	1306
1177	1326
1128	1373
1129	1373
1141	1334
1142	1344
1143	1350
1145	1335
1145	1348
1147	1359
1147	1369
1151	1342
1151	1380
1153	1342
1153	1369
1153	1372
1158	1367
1162	1342
1164	1335
1164	1349
1165	1349
1165	1350
1177	1334
1128	1403
1128	1412
1128	1426
1132	1401
1132	1402
1132	1410
1132	1417
1135	1404
1142	1405
1143	1396
1143	1418
1145	1416
1145	1430
1150	1407
1150	1420
1151	1417
1153	1389
1153	1410
1153	1420
1153	1435
1161	1414
1177	1417
1130	1484
1140	1450
1140	1467
1142	1444
1145	1437
1145	1454
1151	1463
1151	1471
1152	1439
1152	1444
1152	1455
1158	1469
1161	1454
1164	1439
1165	1437
1165	1453
1165	1470
1128	1512
1141	1489
1141	1494
1141	1512
1142	1535
1145	1503
1150	1512
1151	1514
1151	1532
1162	1516
1164	1486
1164	1487
1177	1534
1181	1256
1181	1276
1187	1263
1189	1272
1192	1246
1193	1229
1193	1236
1195	1246
1200	1233
1200	1269
1201	1245
1202	1241
1202	1270
1204	1248
1205	1248
1206	1241
1209	1241
1213	1245
1215	1239
1217	1240
1179	1308
1181	1329
1192	1324
1192	1330
1193	1287
1193	1308
1193	1315
1193	1317
1202	1300
1202	1318
1204	1317
1208	1292
1209	1292
1209	1294
1211	1285
1211	1315
1213	1304
1217	1294
1224	1324
1225	1306
1225	1318
1226	1286
1189	1369
1191	1356
1191	1380
1193	1366
1193	1369
1193	1381
1194	1335
1200	1334
1200	1380
1201	1362
1202	1350
1205	1349
1207	1356
1207	1362
1209	1341
1211	1381
1213	1353
1215	1339
1225	1359
1226	1380
1179	1416
1179	1426
1179	1433
1181	1389
1182	1406
1187	1400
1189	1400
1193	1404
1194	1435
1195	1413
1200	1396
1202	1391
1205	1406
1206	1430
1207	1426
1208	1403
1211	1413
1213	1416
1213	1425
1224	1433
1225	1396
1225	1407
1226	1421
1179	1439
1179	1448
1181	1466
1181	1477
1182	1447
1189	1476
1193	1477
1193	1481
1193	1482
1194	1474
1195	1466
1200	1444
1200	1469
1201	1453
1204	1439
1204	1471
1207	1481
1209	1467
1209	1470
1213	1471
1215	1454
1215	1474
1215	1484
1217	1466
1224	1453
1225	1448
1226	1463
1181	1486
1182	1489
1193	1532
1194	1516
1195	1491
1195	1495
1201	1509
1202	1514
1204	1534
1205	1509
1206	1506
1206	1512
1211	1535
1224	1506
1224	1512
1226	1514
1229	1307
1229	1317
1231	1316
1232	1282
1232	1290
1233	1291
1233	1304
1239	1316
1240	1285
1240	1292
1241	1294
1245	1285
1245	1287
1245	1290
1245	1300
1248	1329
1250	1287
1250	1292
1250	1315
1258	1283
1260	1281
1260	1300
1260	1330
1263	1278
1269	1285
1272	1317
1274	1281
1274	1287
1275	1324
1229	1366
1231	1353
1231	1362
1232	1344
1233	1341
1236	1334
1236	1350
1236	1362
1237	1349
1240	1381
1241	1338
1241	1349
1241	1373
1245	1366
1246	1334
1246	1344
1246	1349
1247	1349
1253	1350
1258	1342
1260	1355
1270	1350
1270	1369
1270	1381
1275	1367
1276	1334
1229	1402
1229	1403
1229	1414
1231	1391
1231	1412
1231	1413
1233	1407
1236	1404
1237	1430
1239	1386
1240	1416
1241	1406
1245	1386
1245	1418
1246	1420
1247	1416
1248	1402
1248	1420
1250	1407
1256	1433
1258	1412
1263	1407
1265	1401
1269	1396
1270	1389
1272	1386
1276	1386
1277	1413
1229	1469
1233	1448
1236	1450
1237	1474
1239	1484
1241	1455
1241	1463
1241	1465
1246	1471
1246	1474
1246	1477
1246	1482
1247	1448
1249	1439
1250	1454
1250	1477
1250	1482
1260	1474
1263	1474
1265	1437
1269	1465
1269	1476
1270	1448
1270	1455
1270	1481
1272	1463
1274	1451
1275	1439
1276	1437
1277	1454
1229	1512
1229	1535
1233	1506
1236	1496
1236	1509
1236	1532
1237	1534
1239	1512
1240	1509
1241	1516
1246	1494
1250	1488
1253	1487
1256	1535
1258	1497
1269	1535
1270	1488
1270	1506
1272	1506
1272	1523
1275	1488
1275	1508
1275	1509
1276	1506
1281	1334
1282	1341
1287	1361
1288	1341
1288	1367
1289	1367
1293	1367
1293	1372
1294	1339
1304	1341
1304	1361
1307	1373
1308	1350
1310	1366
1315	1339
1315	1372
1316	1349
1316	1355
1316	1381
1317	1367
1324	1338
1324	1380
1328	1353
1330	1349
1330	1381
1278	1386
1278	1391
1281	1416
1282	1402
1282	1406
1286	1403
1287	1421
1287	1430
1288	1404
1289	1413
1290	1435
1291	1389
1291	1430
1292	1388
1292	1425
1293	1396
1293	1401
1294	1391
1294	1420
1294	1435
1299	1405
1300	1410
1304	1417
1306	1407
1307	1386
1307	1401
1310	1401
1310	1412
1316	1403
1326	1389
1326	1401
1326	1418
1328	1420
1329	1430
1279	1453
1281	1469
1281	1474
1282	1451
1282	1480
1283	1467
1286	1463
1287	1480
1289	1470
1289	1484
1291	1466
1291	1477
1292	1469
1292	1476
1294	1448
1294	1469
1294	1484
1299	1453
1299	1474
1304	1437
1306	1447
1307	1482
1308	1444
1308	1466
1315	1482
1316	1470
1316	1484
1317	1454
1317	1481
1318	1455
1324	1481
1326	1482
1327	1451
1329	1461
1330	1454
1278	1512
1278	1532
1281	1494
1282	1514
1285	1486
1285	1506
1285	1516
1286	1487
1286	1516
1288	1496
1289	1496
1291	1494
1292	1487
1294	1497
1299	1514
1307	1532
1308	1503
1315	1486
1316	1486
1317	1512
1318	1487
1318	1489
1318	1495
1318	1509
1324	1494
1324	1495
1326	1534
1330	1489
1330	1491
1334	1408
1338	1401
1342	1410
1344	1407
1348	1420
1349	1403
1350	1388
1353	1402
1355	1400
1356	1388
1356	1426
1359	1391
1359	1401
1359	1407
1359	1433
1366	1401
1367	1435
1372	1388
1373	1425
1380	1405
1380	1408
1381	1435
1338	1447
1338	1453
1342	1470
1344	1444
1355	1453
1355	1454
1355	1470
1361	1448
1361	1477
1362	1477
1367	1437
1369	1461
1369	1466
1372	1448
1380	1437
1380	1463
1380	1484
1335	1535
1338	1509
1338	1535
1341	1494
1341	1535
1348	1523
1349	1491
1349	1495
1353	1495
1355	1514
1356	1496
1361	1496
1361	1512
1361	1514
1362	1506
1362	1508
1362	1514
1366	1497
1367	1495
1373	1489
1380	1488
1386	1455
1388	1450
1388	1453
1389	1467
1403	1463
1405	1455
1406	1461
1413	1448
1413	1453
1416	1439
1417	1439
1420	1453
1421	1453
1421	1481
1426	1470
1430	1484
1389	1503
1389	1512
1396	1489
1396	1497
1400	1512
1403	1534
1404	1514
1405	1495
1405	1506
1407	1487
1407	1497
1408	1495
1413	1488
1416	1487
1418	1535
1421	1506
1421	1514
1430	1508
1435	1486
1437	1487
1437	1512
1437	1535
1444	1486
1444	1506
1447	1495
1451	1512
1451	1516
1463	1487
1463	1503
1463	1508
1465	1496
1466	1506
1466	1512
1467	1491
1476	1506
1477	1508
1480	1509
1480	1516
1481	1503
1482	1535
