9613
0	1
0	2
0	3
0	4
0	6
0	7
0	8
0	10
0	11
0	13
0	14
0	18
0	22
0	27
0	28
0	30
0	31
0	33
0	36
0	37
0	38
0	42
0	44
0	47
0	48
0	49
1	2
1	3
1	4
1	6
1	7
1	8
1	10
1	11
1	13
1	14
1	18
1	22
1	27
1	28
1	30
1	31
1	33
1	36
1	37
1	38
1	42
1	44
1	47
1	48
1	49
2	3
2	4
2	6
2	7
2	8
2	10
2	11
2	13
2	14
2	18
2	22
2	27
2	28
2	30
2	31
2	33
2	36
2	37
2	38
2	42
2	44
2	47
2	48
2	49
3	4
3	6
3	7
3	8
3	10
3	11
3	13
3	14
3	18
3	22
3	27
3	28
3	30
3	31
3	33
3	36
3	37
3	38
3	42
3	44
3	47
3	48
3	49
4	6
4	7
4	8
4	10
4	11
4	13
4	14
4	18
4	22
4	27
4	28
4	30
4	31
4	33
4	36
4	37
4	38
4	42
4	44
4	47
4	48
4	49
6	7
6	8
6	10
6	11
6	13
6	14
6	18
6	22
6	27
6	28
6	30
6	31
6	33
6	36
6	37
6	38
6	42
6	44
6	47
6	48
6	49
7	8
7	10
7	11
7	13
7	14
7	18
7	22
7	27
7	28
7	30
7	31
7	33
7	36
7	37
7	38
7	42
7	44
7	47
7	48
7	49
8	10
8	11
8	13
8	14
8	18
8	22
8	27
8	28
8	30
8	31
8	33
8	36
8	37
8	38
8	42
8	44
8	47
8	48
8	49
10	11
10	13
10	14
10	18
10	22
10	27
10	28
10	30
10	31
10	33
10	36
10	37
10	38
10	42
10	44
10	47
10	48
10	49
11	13
11	14
11	18
11	22
11	27
11	28
11	30
11	31
11	33
11	36
11	37
11	38
11	42
11	44
11	47
11	48
11	49
13	14
13	18
13	22
13	27
13	28
13	30
13	31
13	33
13	36
13	37
13	38
13	42
13	44
13	47
13	48
13	49
14	18
14	22
14	27
14	28
14	30
14	31
14	33
14	36
14	37
14	38
14	42
14	44
14	47
14	48
14	49
18	22
18	27
18	28
18	30
18	31
18	33
18	36
18	37
18	38
18	42
18	44
18	47
18	48
18	49
22	27
22	28
22	30
22	31
22	33
22	36
22	37
22	38
22	42
22	44
22	47
22	48
22	49
27	28
27	30
27	31
27	33
27	36
27	37
27	38
27	42
27	44
27	47
27	48
27	49
28	30
28	31
28	33
28	36
28	37
28	38
28	42
28	44
28	47
28	48
28	49
30	31
30	33
30	36
30	37
30	38
30	42
30	44
30	47
30	48
30	49
31	33
31	36
31	37
31	38
31	42
31	44
31	47
31	48
31	49
33	36
33	37
33	38
33	42
33	44
33	47
33	48
33	49
36	37
36	38
36	42
36	44
36	47
36	48
36	49
37	38
37	42
37	44
37	47
37	48
37	49
38	42
38	44
38	47
38	48
38	49
42	44
42	47
42	48
42	49
44	47
44	48
44	49
47	48
47	49
48	49
50	51
50	55
50	56
50	57
50	58
50	60
50	63
50	64
50	65
50	66
50	69
50	73
50	74
50	76
50	77
50	79
50	85
50	86
50	87
50	88
50	89
50	97
50	98
50	99
51	55
51	56
51	57
51	58
51	60
51	63
51	64
51	65
51	66
51	69
51	73
51	74
51	76
51	77
51	79
51	85
51	86
51	87
51	88
51	89
51	97
51	98
51	99
55	56
55	57
55	58
55	60
55	63
55	64
55	65
55	66
55	69
55	73
55	74
55	76
55	77
55	79
55	85
55	86
55	87
55	88
55	89
55	97
55	98
55	99
56	57
56	58
56	60
56	63
56	64
56	65
56	66
56	69
56	73
56	74
56	76
56	77
56	79
56	85
56	86
56	87
56	88
56	89
56	97
56	98
56	99
57	58
57	60
57	63
57	64
57	65
57	66
57	69
57	73
57	74
57	76
57	77
57	79
57	85
57	86
57	87
57	88
57	89
57	97
57	98
57	99
58	60
58	63
58	64
58	65
58	66
58	69
58	73
58	74
58	76
58	77
58	79
58	85
58	86
58	87
58	88
58	89
58	97
58	98
58	99
60	63
60	64
60	65
60	66
60	69
60	73
60	74
60	76
60	77
60	79
60	85
60	86
60	87
60	88
60	89
60	97
60	98
60	99
63	64
63	65
63	66
63	69
63	73
63	74
63	76
63	77
63	79
63	85
63	86
63	87
63	88
63	89
63	97
63	98
63	99
64	65
64	66
64	69
64	73
64	74
64	76
64	77
64	79
64	85
64	86
64	87
64	88
64	89
64	97
64	98
64	99
65	66
65	69
65	73
65	74
65	76
65	77
65	79
65	85
65	86
65	87
65	88
65	89
65	97
65	98
65	99
66	69
66	73
66	74
66	76
66	77
66	79
66	85
66	86
66	87
66	88
66	89
66	97
66	98
66	99
69	73
69	74
69	76
69	77
69	79
69	85
69	86
69	87
69	88
69	89
69	97
69	98
69	99
73	74
73	76
73	77
73	79
73	85
73	86
73	87
73	88
73	89
73	97
73	98
73	99
74	76
74	77
74	79
74	85
74	86
74	87
74	88
74	89
74	97
74	98
74	99
76	77
76	79
76	85
76	86
76	87
76	88
76	89
76	97
76	98
76	99
77	79
77	85
77	86
77	87
77	88
77	89
77	97
77	98
77	99
79	85
79	86
79	87
79	88
79	89
79	97
79	98
79	99
85	86
85	87
85	88
85	89
85	97
85	98
85	99
86	87
86	88
86	89
86	97
86	98
86	99
87	88
87	89
87	97
87	98
87	99
88	89
88	97
88	98
88	99
89	97
89	98
89	99
97	98
97	99
98	99
100	101
100	105
100	107
100	109
100	110
100	113
100	119
100	122
100	123
100	126
100	127
100	128
100	129
100	130
100	131
100	132
100	136
100	138
100	139
100	143
100	144
100	145
100	146
100	147
100	149
101	105
101	107
101	109
101	110
101	113
101	119
101	122
101	123
101	126
101	127
101	128
101	129
101	130
101	131
101	132
101	136
101	138
101	139
101	143
101	144
101	145
101	146
101	147
101	149
105	107
105	109
105	110
105	113
105	119
105	122
105	123
105	126
105	127
105	128
105	129
105	130
105	131
105	132
105	136
105	138
105	139
105	143
105	144
105	145
105	146
105	147
105	149
107	109
107	110
107	113
107	119
107	122
107	123
107	126
107	127
107	128
107	129
107	130
107	131
107	132
107	136
107	138
107	139
107	143
107	144
107	145
107	146
107	147
107	149
109	110
109	113
109	119
109	122
109	123
109	126
109	127
109	128
109	129
109	130
109	131
109	132
109	136
109	138
109	139
109	143
109	144
109	145
109	146
109	147
109	149
110	113
110	119
110	122
110	123
110	126
110	127
110	128
110	129
110	130
110	131
110	132
110	136
110	138
110	139
110	143
110	144
110	145
110	146
110	147
110	149
113	119
113	122
113	123
113	126
113	127
113	128
113	129
113	130
113	131
113	132
113	136
113	138
113	139
113	143
113	144
113	145
113	146
113	147
113	149
119	122
119	123
119	126
119	127
119	128
119	129
119	130
119	131
119	132
119	136
119	138
119	139
119	143
119	144
119	145
119	146
119	147
119	149
122	123
122	126
122	127
122	128
122	129
122	130
122	131
122	132
122	136
122	138
122	139
122	143
122	144
122	145
122	146
122	147
122	149
123	126
123	127
123	128
123	129
123	130
123	131
123	132
123	136
123	138
123	139
123	143
123	144
123	145
123	146
123	147
123	149
126	127
126	128
126	129
126	130
126	131
126	132
126	136
126	138
126	139
126	143
126	144
126	145
126	146
126	147
126	149
127	128
127	129
127	130
127	131
127	132
127	136
127	138
127	139
127	143
127	144
127	145
127	146
127	147
127	149
128	129
128	130
128	131
128	132
128	136
128	138
128	139
128	143
128	144
128	145
128	146
128	147
128	149
129	130
129	131
129	132
129	136
129	138
129	139
129	143
129	144
129	145
129	146
129	147
129	149
130	131
130	132
130	136
130	138
130	139
130	143
130	144
130	145
130	146
130	147
130	149
131	132
131	136
131	138
131	139
131	143
131	144
131	145
131	146
131	147
131	149
132	136
132	138
132	139
132	143
132	144
132	145
132	146
132	147
132	149
136	138
136	139
136	143
136	144
136	145
136	146
136	147
136	149
138	139
138	143
138	144
138	145
138	146
138	147
138	149
139	143
139	144
139	145
139	146
139	147
139	149
143	144
143	145
143	146
143	147
143	149
144	145
144	146
144	147
144	149
145	146
145	147
145	149
146	147
146	149
147	149
153	154
153	155
153	157
153	158
153	160
153	163
153	166
153	168
153	169
153	170
153	172
153	173
153	174
153	176
153	177
153	178
153	179
153	182
153	183
153	184
153	185
153	188
153	189
153	195
153	196
153	198
153	199
154	155
154	157
154	158
154	160
154	163
154	166
154	168
154	169
154	170
154	172
154	173
154	174
154	176
154	177
154	178
154	179
154	182
154	183
154	184
154	185
154	188
154	189
154	195
154	196
154	198
154	199
155	157
155	158
155	160
155	163
155	166
155	168
155	169
155	170
155	172
155	173
155	174
155	176
155	177
155	178
155	179
155	182
155	183
155	184
155	185
155	188
155	189
155	195
155	196
155	198
155	199
157	158
157	160
157	163
157	166
157	168
157	169
157	170
157	172
157	173
157	174
157	176
157	177
157	178
157	179
157	182
157	183
157	184
157	185
157	188
157	189
157	195
157	196
157	198
157	199
158	160
158	163
158	166
158	168
158	169
158	170
158	172
158	173
158	174
158	176
158	177
158	178
158	179
158	182
158	183
158	184
158	185
158	188
158	189
158	195
158	196
158	198
158	199
160	163
160	166
160	168
160	169
160	170
160	172
160	173
160	174
160	176
160	177
160	178
160	179
160	182
160	183
160	184
160	185
160	188
160	189
160	195
160	196
160	198
160	199
163	166
163	168
163	169
163	170
163	172
163	173
163	174
163	176
163	177
163	178
163	179
163	182
163	183
163	184
163	185
163	188
163	189
163	195
163	196
163	198
163	199
166	168
166	169
166	170
166	172
166	173
166	174
166	176
166	177
166	178
166	179
166	182
166	183
166	184
166	185
166	188
166	189
166	195
166	196
166	198
166	199
168	169
168	170
168	172
168	173
168	174
168	176
168	177
168	178
168	179
168	182
168	183
168	184
168	185
168	188
168	189
168	195
168	196
168	198
168	199
169	170
169	172
169	173
169	174
169	176
169	177
169	178
169	179
169	182
169	183
169	184
169	185
169	188
169	189
169	195
169	196
169	198
169	199
170	172
170	173
170	174
170	176
170	177
170	178
170	179
170	182
170	183
170	184
170	185
170	188
170	189
170	195
170	196
170	198
170	199
172	173
172	174
172	176
172	177
172	178
172	179
172	182
172	183
172	184
172	185
172	188
172	189
172	195
172	196
172	198
172	199
173	174
173	176
173	177
173	178
173	179
173	182
173	183
173	184
173	185
173	188
173	189
173	195
173	196
173	198
173	199
174	176
174	177
174	178
174	179
174	182
174	183
174	184
174	185
174	188
174	189
174	195
174	196
174	198
174	199
176	177
176	178
176	179
176	182
176	183
176	184
176	185
176	188
176	189
176	195
176	196
176	198
176	199
177	178
177	179
177	182
177	183
177	184
177	185
177	188
177	189
177	195
177	196
177	198
177	199
178	179
178	182
178	183
178	184
178	185
178	188
178	189
178	195
178	196
178	198
178	199
179	182
179	183
179	184
179	185
179	188
179	189
179	195
179	196
179	198
179	199
182	183
182	184
182	185
182	188
182	189
182	195
182	196
182	198
182	199
183	184
183	185
183	188
183	189
183	195
183	196
183	198
183	199
184	185
184	188
184	189
184	195
184	196
184	198
184	199
185	188
185	189
185	195
185	196
185	198
185	199
188	189
188	195
188	196
188	198
188	199
189	195
189	196
189	198
189	199
195	196
195	198
195	199
196	198
196	199
198	199
201	202
201	206
201	207
201	210
201	212
201	213
201	216
201	220
201	223
201	224
201	225
201	226
201	229
201	234
201	244
201	247
201	248
201	249
202	206
202	207
202	210
202	212
202	213
202	216
202	220
202	223
202	224
202	225
202	226
202	229
202	234
202	244
202	247
202	248
202	249
206	207
206	210
206	212
206	213
206	216
206	220
206	223
206	224
206	225
206	226
206	229
206	234
206	244
206	247
206	248
206	249
207	210
207	212
207	213
207	216
207	220
207	223
207	224
207	225
207	226
207	229
207	234
207	244
207	247
207	248
207	249
210	212
210	213
210	216
210	220
210	223
210	224
210	225
210	226
210	229
210	234
210	244
210	247
210	248
210	249
212	213
212	216
212	220
212	223
212	224
212	225
212	226
212	229
212	234
212	244
212	247
212	248
212	249
213	216
213	220
213	223
213	224
213	225
213	226
213	229
213	234
213	244
213	247
213	248
213	249
216	220
216	223
216	224
216	225
216	226
216	229
216	234
216	244
216	247
216	248
216	249
220	223
220	224
220	225
220	226
220	229
220	234
220	244
220	247
220	248
220	249
223	224
223	225
223	226
223	229
223	234
223	244
223	247
223	248
223	249
224	225
224	226
224	229
224	234
224	244
224	247
224	248
224	249
225	226
225	229
225	234
225	244
225	247
225	248
225	249
226	229
226	234
226	244
226	247
226	248
226	249
229	234
229	244
229	247
229	248
229	249
234	244
234	247
234	248
234	249
244	247
244	248
244	249
247	248
247	249
248	249
251	254
251	255
251	258
251	259
251	265
251	266
251	267
251	269
251	272
251	273
251	275
251	279
251	282
251	283
251	284
251	285
251	288
251	289
251	292
251	293
251	297
254	255
254	258
254	259
254	265
254	266
254	267
254	269
254	272
254	273
254	275
254	279
254	282
254	283
254	284
254	285
254	288
254	289
254	292
254	293
254	297
255	258
255	259
255	265
255	266
255	267
255	269
255	272
255	273
255	275
255	279
255	282
255	283
255	284
255	285
255	288
255	289
255	292
255	293
255	297
258	259
258	265
258	266
258	267
258	269
258	272
258	273
258	275
258	279
258	282
258	283
258	284
258	285
258	288
258	289
258	292
258	293
258	297
259	265
259	266
259	267
259	269
259	272
259	273
259	275
259	279
259	282
259	283
259	284
259	285
259	288
259	289
259	292
259	293
259	297
265	266
265	267
265	269
265	272
265	273
265	275
265	279
265	282
265	283
265	284
265	285
265	288
265	289
265	292
265	293
265	297
266	267
266	269
266	272
266	273
266	275
266	279
266	282
266	283
266	284
266	285
266	288
266	289
266	292
266	293
266	297
267	269
267	272
267	273
267	275
267	279
267	282
267	283
267	284
267	285
267	288
267	289
267	292
267	293
267	297
269	272
269	273
269	275
269	279
269	282
269	283
269	284
269	285
269	288
269	289
269	292
269	293
269	297
272	273
272	275
272	279
272	282
272	283
272	284
272	285
272	288
272	289
272	292
272	293
272	297
273	275
273	279
273	282
273	283
273	284
273	285
273	288
273	289
273	292
273	293
273	297
275	279
275	282
275	283
275	284
275	285
275	288
275	289
275	292
275	293
275	297
279	282
279	283
279	284
279	285
279	288
279	289
279	292
279	293
279	297
282	283
282	284
282	285
282	288
282	289
282	292
282	293
282	297
283	284
283	285
283	288
283	289
283	292
283	293
283	297
284	285
284	288
284	289
284	292
284	293
284	297
285	288
285	289
285	292
285	293
285	297
288	289
288	292
288	293
288	297
289	292
289	293
289	297
292	293
292	297
293	297
301	304
301	306
301	308
301	311
301	312
301	316
301	317
301	318
301	319
301	321
301	322
301	324
301	325
301	328
301	330
301	331
301	333
301	335
301	336
301	338
301	339
301	340
301	343
301	344
301	349
304	306
304	308
304	311
304	312
304	316
304	317
304	318
304	319
304	321
304	322
304	324
304	325
304	328
304	330
304	331
304	333
304	335
304	336
304	338
304	339
304	340
304	343
304	344
304	349
306	308
306	311
306	312
306	316
306	317
306	318
306	319
306	321
306	322
306	324
306	325
306	328
306	330
306	331
306	333
306	335
306	336
306	338
306	339
306	340
306	343
306	344
306	349
308	311
308	312
308	316
308	317
308	318
308	319
308	321
308	322
308	324
308	325
308	328
308	330
308	331
308	333
308	335
308	336
308	338
308	339
308	340
308	343
308	344
308	349
311	312
311	316
311	317
311	318
311	319
311	321
311	322
311	324
311	325
311	328
311	330
311	331
311	333
311	335
311	336
311	338
311	339
311	340
311	343
311	344
311	349
312	316
312	317
312	318
312	319
312	321
312	322
312	324
312	325
312	328
312	330
312	331
312	333
312	335
312	336
312	338
312	339
312	340
312	343
312	344
312	349
316	317
316	318
316	319
316	321
316	322
316	324
316	325
316	328
316	330
316	331
316	333
316	335
316	336
316	338
316	339
316	340
316	343
316	344
316	349
317	318
317	319
317	321
317	322
317	324
317	325
317	328
317	330
317	331
317	333
317	335
317	336
317	338
317	339
317	340
317	343
317	344
317	349
318	319
318	321
318	322
318	324
318	325
318	328
318	330
318	331
318	333
318	335
318	336
318	338
318	339
318	340
318	343
318	344
318	349
319	321
319	322
319	324
319	325
319	328
319	330
319	331
319	333
319	335
319	336
319	338
319	339
319	340
319	343
319	344
319	349
321	322
321	324
321	325
321	328
321	330
321	331
321	333
321	335
321	336
321	338
321	339
321	340
321	343
321	344
321	349
322	324
322	325
322	328
322	330
322	331
322	333
322	335
322	336
322	338
322	339
322	340
322	343
322	344
322	349
324	325
324	328
324	330
324	331
324	333
324	335
324	336
324	338
324	339
324	340
324	343
324	344
324	349
325	328
325	330
325	331
325	333
325	335
325	336
325	338
325	339
325	340
325	343
325	344
325	349
328	330
328	331
328	333
328	335
328	336
328	338
328	339
328	340
328	343
328	344
328	349
330	331
330	333
330	335
330	336
330	338
330	339
330	340
330	343
330	344
330	349
331	333
331	335
331	336
331	338
331	339
331	340
331	343
331	344
331	349
333	335
333	336
333	338
333	339
333	340
333	343
333	344
333	349
335	336
335	338
335	339
335	340
335	343
335	344
335	349
336	338
336	339
336	340
336	343
336	344
336	349
338	339
338	340
338	343
338	344
338	349
339	340
339	343
339	344
339	349
340	343
340	344
340	349
343	344
343	349
344	349
350	352
350	353
350	355
350	356
350	358
350	360
350	361
350	363
350	365
350	366
350	369
350	370
350	371
350	373
350	376
350	380
350	381
350	383
350	385
350	387
350	389
350	392
350	393
350	394
350	395
350	397
350	398
352	353
352	355
352	356
352	358
352	360
352	361
352	363
352	365
352	366
352	369
352	370
352	371
352	373
352	376
352	380
352	381
352	383
352	385
352	387
352	389
352	392
352	393
352	394
352	395
352	397
352	398
353	355
353	356
353	358
353	360
353	361
353	363
353	365
353	366
353	369
353	370
353	371
353	373
353	376
353	380
353	381
353	383
353	385
353	387
353	389
353	392
353	393
353	394
353	395
353	397
353	398
355	356
355	358
355	360
355	361
355	363
355	365
355	366
355	369
355	370
355	371
355	373
355	376
355	380
355	381
355	383
355	385
355	387
355	389
355	392
355	393
355	394
355	395
355	397
355	398
356	358
356	360
356	361
356	363
356	365
356	366
356	369
356	370
356	371
356	373
356	376
356	380
356	381
356	383
356	385
356	387
356	389
356	392
356	393
356	394
356	395
356	397
356	398
358	360
358	361
358	363
358	365
358	366
358	369
358	370
358	371
358	373
358	376
358	380
358	381
358	383
358	385
358	387
358	389
358	392
358	393
358	394
358	395
358	397
358	398
360	361
360	363
360	365
360	366
360	369
360	370
360	371
360	373
360	376
360	380
360	381
360	383
360	385
360	387
360	389
360	392
360	393
360	394
360	395
360	397
360	398
361	363
361	365
361	366
361	369
361	370
361	371
361	373
361	376
361	380
361	381
361	383
361	385
361	387
361	389
361	392
361	393
361	394
361	395
361	397
361	398
363	365
363	366
363	369
363	370
363	371
363	373
363	376
363	380
363	381
363	383
363	385
363	387
363	389
363	392
363	393
363	394
363	395
363	397
363	398
365	366
365	369
365	370
365	371
365	373
365	376
365	380
365	381
365	383
365	385
365	387
365	389
365	392
365	393
365	394
365	395
365	397
365	398
366	369
366	370
366	371
366	373
366	376
366	380
366	381
366	383
366	385
366	387
366	389
366	392
366	393
366	394
366	395
366	397
366	398
369	370
369	371
369	373
369	376
369	380
369	381
369	383
369	385
369	387
369	389
369	392
369	393
369	394
369	395
369	397
369	398
370	371
370	373
370	376
370	380
370	381
370	383
370	385
370	387
370	389
370	392
370	393
370	394
370	395
370	397
370	398
371	373
371	376
371	380
371	381
371	383
371	385
371	387
371	389
371	392
371	393
371	394
371	395
371	397
371	398
373	376
373	380
373	381
373	383
373	385
373	387
373	389
373	392
373	393
373	394
373	395
373	397
373	398
376	380
376	381
376	383
376	385
376	387
376	389
376	392
376	393
376	394
376	395
376	397
376	398
380	381
380	383
380	385
380	387
380	389
380	392
380	393
380	394
380	395
380	397
380	398
381	383
381	385
381	387
381	389
381	392
381	393
381	394
381	395
381	397
381	398
383	385
383	387
383	389
383	392
383	393
383	394
383	395
383	397
383	398
385	387
385	389
385	392
385	393
385	394
385	395
385	397
385	398
387	389
387	392
387	393
387	394
387	395
387	397
387	398
389	392
389	393
389	394
389	395
389	397
389	398
392	393
392	394
392	395
392	397
392	398
393	394
393	395
393	397
393	398
394	395
394	397
394	398
395	397
395	398
397	398
400	401
400	402
400	404
400	405
400	408
400	410
400	412
400	413
400	414
400	416
400	417
400	419
400	420
400	426
400	427
400	429
400	434
400	436
400	437
400	438
400	441
400	445
400	448
400	449
401	402
401	404
401	405
401	408
401	410
401	412
401	413
401	414
401	416
401	417
401	419
401	420
401	426
401	427
401	429
401	434
401	436
401	437
401	438
401	441
401	445
401	448
401	449
402	404
402	405
402	408
402	410
402	412
402	413
402	414
402	416
402	417
402	419
402	420
402	426
402	427
402	429
402	434
402	436
402	437
402	438
402	441
402	445
402	448
402	449
404	405
404	408
404	410
404	412
404	413
404	414
404	416
404	417
404	419
404	420
404	426
404	427
404	429
404	434
404	436
404	437
404	438
404	441
404	445
404	448
404	449
405	408
405	410
405	412
405	413
405	414
405	416
405	417
405	419
405	420
405	426
405	427
405	429
405	434
405	436
405	437
405	438
405	441
405	445
405	448
405	449
408	410
408	412
408	413
408	414
408	416
408	417
408	419
408	420
408	426
408	427
408	429
408	434
408	436
408	437
408	438
408	441
408	445
408	448
408	449
410	412
410	413
410	414
410	416
410	417
410	419
410	420
410	426
410	427
410	429
410	434
410	436
410	437
410	438
410	441
410	445
410	448
410	449
412	413
412	414
412	416
412	417
412	419
412	420
412	426
412	427
412	429
412	434
412	436
412	437
412	438
412	441
412	445
412	448
412	449
413	414
413	416
413	417
413	419
413	420
413	426
413	427
413	429
413	434
413	436
413	437
413	438
413	441
413	445
413	448
413	449
414	416
414	417
414	419
414	420
414	426
414	427
414	429
414	434
414	436
414	437
414	438
414	441
414	445
414	448
414	449
416	417
416	419
416	420
416	426
416	427
416	429
416	434
416	436
416	437
416	438
416	441
416	445
416	448
416	449
417	419
417	420
417	426
417	427
417	429
417	434
417	436
417	437
417	438
417	441
417	445
417	448
417	449
419	420
419	426
419	427
419	429
419	434
419	436
419	437
419	438
419	441
419	445
419	448
419	449
420	426
420	427
420	429
420	434
420	436
420	437
420	438
420	441
420	445
420	448
420	449
426	427
426	429
426	434
426	436
426	437
426	438
426	441
426	445
426	448
426	449
427	429
427	434
427	436
427	437
427	438
427	441
427	445
427	448
427	449
429	434
429	436
429	437
429	438
429	441
429	445
429	448
429	449
434	436
434	437
434	438
434	441
434	445
434	448
434	449
436	437
436	438
436	441
436	445
436	448
436	449
437	438
437	441
437	445
437	448
437	449
438	441
438	445
438	448
438	449
441	445
441	448
441	449
445	448
445	449
448	449
450	451
450	455
450	456
450	459
450	460
450	461
450	463
450	464
450	468
450	472
450	473
450	475
450	476
450	480
450	481
450	482
450	483
450	486
450	487
450	488
450	489
450	490
450	491
450	492
450	494
450	495
450	499
451	455
451	456
451	459
451	460
451	461
451	463
451	464
451	468
451	472
451	473
451	475
451	476
451	480
451	481
451	482
451	483
451	486
451	487
451	488
451	489
451	490
451	491
451	492
451	494
451	495
451	499
455	456
455	459
455	460
455	461
455	463
455	464
455	468
455	472
455	473
455	475
455	476
455	480
455	481
455	482
455	483
455	486
455	487
455	488
455	489
455	490
455	491
455	492
455	494
455	495
455	499
456	459
456	460
456	461
456	463
456	464
456	468
456	472
456	473
456	475
456	476
456	480
456	481
456	482
456	483
456	486
456	487
456	488
456	489
456	490
456	491
456	492
456	494
456	495
456	499
459	460
459	461
459	463
459	464
459	468
459	472
459	473
459	475
459	476
459	480
459	481
459	482
459	483
459	486
459	487
459	488
459	489
459	490
459	491
459	492
459	494
459	495
459	499
460	461
460	463
460	464
460	468
460	472
460	473
460	475
460	476
460	480
460	481
460	482
460	483
460	486
460	487
460	488
460	489
460	490
460	491
460	492
460	494
460	495
460	499
461	463
461	464
461	468
461	472
461	473
461	475
461	476
461	480
461	481
461	482
461	483
461	486
461	487
461	488
461	489
461	490
461	491
461	492
461	494
461	495
461	499
463	464
463	468
463	472
463	473
463	475
463	476
463	480
463	481
463	482
463	483
463	486
463	487
463	488
463	489
463	490
463	491
463	492
463	494
463	495
463	499
464	468
464	472
464	473
464	475
464	476
464	480
464	481
464	482
464	483
464	486
464	487
464	488
464	489
464	490
464	491
464	492
464	494
464	495
464	499
468	472
468	473
468	475
468	476
468	480
468	481
468	482
468	483
468	486
468	487
468	488
468	489
468	490
468	491
468	492
468	494
468	495
468	499
472	473
472	475
472	476
472	480
472	481
472	482
472	483
472	486
472	487
472	488
472	489
472	490
472	491
472	492
472	494
472	495
472	499
473	475
473	476
473	480
473	481
473	482
473	483
473	486
473	487
473	488
473	489
473	490
473	491
473	492
473	494
473	495
473	499
475	476
475	480
475	481
475	482
475	483
475	486
475	487
475	488
475	489
475	490
475	491
475	492
475	494
475	495
475	499
476	480
476	481
476	482
476	483
476	486
476	487
476	488
476	489
476	490
476	491
476	492
476	494
476	495
476	499
480	481
480	482
480	483
480	486
480	487
480	488
480	489
480	490
480	491
480	492
480	494
480	495
480	499
481	482
481	483
481	486
481	487
481	488
481	489
481	490
481	491
481	492
481	494
481	495
481	499
482	483
482	486
482	487
482	488
482	489
482	490
482	491
482	492
482	494
482	495
482	499
483	486
483	487
483	488
483	489
483	490
483	491
483	492
483	494
483	495
483	499
486	487
486	488
486	489
486	490
486	491
486	492
486	494
486	495
486	499
487	488
487	489
487	490
487	491
487	492
487	494
487	495
487	499
488	489
488	490
488	491
488	492
488	494
488	495
488	499
489	490
489	491
489	492
489	494
489	495
489	499
490	491
490	492
490	494
490	495
490	499
491	492
491	494
491	495
491	499
492	494
492	495
492	499
494	495
494	499
495	499
501	503
501	505
501	506
501	507
501	509
501	510
501	513
501	514
501	516
501	517
501	520
501	521
501	523
501	525
501	526
501	527
501	530
501	531
501	534
501	535
501	536
501	539
501	540
501	545
501	547
501	548
503	505
503	506
503	507
503	509
503	510
503	513
503	514
503	516
503	517
503	520
503	521
503	523
503	525
503	526
503	527
503	530
503	531
503	534
503	535
503	536
503	539
503	540
503	545
503	547
503	548
505	506
505	507
505	509
505	510
505	513
505	514
505	516
505	517
505	520
505	521
505	523
505	525
505	526
505	527
505	530
505	531
505	534
505	535
505	536
505	539
505	540
505	545
505	547
505	548
506	507
506	509
506	510
506	513
506	514
506	516
506	517
506	520
506	521
506	523
506	525
506	526
506	527
506	530
506	531
506	534
506	535
506	536
506	539
506	540
506	545
506	547
506	548
507	509
507	510
507	513
507	514
507	516
507	517
507	520
507	521
507	523
507	525
507	526
507	527
507	530
507	531
507	534
507	535
507	536
507	539
507	540
507	545
507	547
507	548
509	510
509	513
509	514
509	516
509	517
509	520
509	521
509	523
509	525
509	526
509	527
509	530
509	531
509	534
509	535
509	536
509	539
509	540
509	545
509	547
509	548
510	513
510	514
510	516
510	517
510	520
510	521
510	523
510	525
510	526
510	527
510	530
510	531
510	534
510	535
510	536
510	539
510	540
510	545
510	547
510	548
513	514
513	516
513	517
513	520
513	521
513	523
513	525
513	526
513	527
513	530
513	531
513	534
513	535
513	536
513	539
513	540
513	545
513	547
513	548
514	516
514	517
514	520
514	521
514	523
514	525
514	526
514	527
514	530
514	531
514	534
514	535
514	536
514	539
514	540
514	545
514	547
514	548
516	517
516	520
516	521
516	523
516	525
516	526
516	527
516	530
516	531
516	534
516	535
516	536
516	539
516	540
516	545
516	547
516	548
517	520
517	521
517	523
517	525
517	526
517	527
517	530
517	531
517	534
517	535
517	536
517	539
517	540
517	545
517	547
517	548
520	521
520	523
520	525
520	526
520	527
520	530
520	531
520	534
520	535
520	536
520	539
520	540
520	545
520	547
520	548
521	523
521	525
521	526
521	527
521	530
521	531
521	534
521	535
521	536
521	539
521	540
521	545
521	547
521	548
523	525
523	526
523	527
523	530
523	531
523	534
523	535
523	536
523	539
523	540
523	545
523	547
523	548
525	526
525	527
525	530
525	531
525	534
525	535
525	536
525	539
525	540
525	545
525	547
525	548
526	527
526	530
526	531
526	534
526	535
526	536
526	539
526	540
526	545
526	547
526	548
527	530
527	531
527	534
527	535
527	536
527	539
527	540
527	545
527	547
527	548
530	531
530	534
530	535
530	536
530	539
530	540
530	545
530	547
530	548
531	534
531	535
531	536
531	539
531	540
531	545
531	547
531	548
534	535
534	536
534	539
534	540
534	545
534	547
534	548
535	536
535	539
535	540
535	545
535	547
535	548
536	539
536	540
536	545
536	547
536	548
539	540
539	545
539	547
539	548
540	545
540	547
540	548
545	547
545	548
547	548
551	553
551	555
551	559
551	560
551	564
551	568
551	569
551	570
551	571
551	572
551	573
551	574
551	578
551	579
551	580
551	581
551	583
551	584
551	586
551	590
551	592
551	593
551	594
551	596
551	598
551	599
553	555
553	559
553	560
553	564
553	568
553	569
553	570
553	571
553	572
553	573
553	574
553	578
553	579
553	580
553	581
553	583
553	584
553	586
553	590
553	592
553	593
553	594
553	596
553	598
553	599
555	559
555	560
555	564
555	568
555	569
555	570
555	571
555	572
555	573
555	574
555	578
555	579
555	580
555	581
555	583
555	584
555	586
555	590
555	592
555	593
555	594
555	596
555	598
555	599
559	560
559	564
559	568
559	569
559	570
559	571
559	572
559	573
559	574
559	578
559	579
559	580
559	581
559	583
559	584
559	586
559	590
559	592
559	593
559	594
559	596
559	598
559	599
560	564
560	568
560	569
560	570
560	571
560	572
560	573
560	574
560	578
560	579
560	580
560	581
560	583
560	584
560	586
560	590
560	592
560	593
560	594
560	596
560	598
560	599
564	568
564	569
564	570
564	571
564	572
564	573
564	574
564	578
564	579
564	580
564	581
564	583
564	584
564	586
564	590
564	592
564	593
564	594
564	596
564	598
564	599
568	569
568	570
568	571
568	572
568	573
568	574
568	578
568	579
568	580
568	581
568	583
568	584
568	586
568	590
568	592
568	593
568	594
568	596
568	598
568	599
569	570
569	571
569	572
569	573
569	574
569	578
569	579
569	580
569	581
569	583
569	584
569	586
569	590
569	592
569	593
569	594
569	596
569	598
569	599
570	571
570	572
570	573
570	574
570	578
570	579
570	580
570	581
570	583
570	584
570	586
570	590
570	592
570	593
570	594
570	596
570	598
570	599
571	572
571	573
571	574
571	578
571	579
571	580
571	581
571	583
571	584
571	586
571	590
571	592
571	593
571	594
571	596
571	598
571	599
572	573
572	574
572	578
572	579
572	580
572	581
572	583
572	584
572	586
572	590
572	592
572	593
572	594
572	596
572	598
572	599
573	574
573	578
573	579
573	580
573	581
573	583
573	584
573	586
573	590
573	592
573	593
573	594
573	596
573	598
573	599
574	578
574	579
574	580
574	581
574	583
574	584
574	586
574	590
574	592
574	593
574	594
574	596
574	598
574	599
578	579
578	580
578	581
578	583
578	584
578	586
578	590
578	592
578	593
578	594
578	596
578	598
578	599
579	580
579	581
579	583
579	584
579	586
579	590
579	592
579	593
579	594
579	596
579	598
579	599
580	581
580	583
580	584
580	586
580	590
580	592
580	593
580	594
580	596
580	598
580	599
581	583
581	584
581	586
581	590
581	592
581	593
581	594
581	596
581	598
581	599
583	584
583	586
583	590
583	592
583	593
583	594
583	596
583	598
583	599
584	586
584	590
584	592
584	593
584	594
584	596
584	598
584	599
586	590
586	592
586	593
586	594
586	596
586	598
586	599
590	592
590	593
590	594
590	596
590	598
590	599
592	593
592	594
592	596
592	598
592	599
593	594
593	596
593	598
593	599
594	596
594	598
594	599
596	598
596	599
598	599
603	604
603	606
603	608
603	609
603	610
603	619
603	620
603	621
603	622
603	623
603	626
603	627
603	628
603	629
603	632
603	639
603	642
603	644
603	647
603	648
603	650
604	606
604	608
604	609
604	610
604	619
604	620
604	621
604	622
604	623
604	626
604	627
604	628
604	629
604	632
604	639
604	642
604	644
604	647
604	648
604	650
606	608
606	609
606	610
606	619
606	620
606	621
606	622
606	623
606	626
606	627
606	628
606	629
606	632
606	639
606	642
606	644
606	647
606	648
606	650
608	609
608	610
608	619
608	620
608	621
608	622
608	623
608	626
608	627
608	628
608	629
608	632
608	639
608	642
608	644
608	647
608	648
608	650
609	610
609	619
609	620
609	621
609	622
609	623
609	626
609	627
609	628
609	629
609	632
609	639
609	642
609	644
609	647
609	648
609	650
610	619
610	620
610	621
610	622
610	623
610	626
610	627
610	628
610	629
610	632
610	639
610	642
610	644
610	647
610	648
610	650
619	620
619	621
619	622
619	623
619	626
619	627
619	628
619	629
619	632
619	639
619	642
619	644
619	647
619	648
619	650
620	621
620	622
620	623
620	626
620	627
620	628
620	629
620	632
620	639
620	642
620	644
620	647
620	648
620	650
621	622
621	623
621	626
621	627
621	628
621	629
621	632
621	639
621	642
621	644
621	647
621	648
621	650
622	623
622	626
622	627
622	628
622	629
622	632
622	639
622	642
622	644
622	647
622	648
622	650
623	626
623	627
623	628
623	629
623	632
623	639
623	642
623	644
623	647
623	648
623	650
626	627
626	628
626	629
626	632
626	639
626	642
626	644
626	647
626	648
626	650
627	628
627	629
627	632
627	639
627	642
627	644
627	647
627	648
627	650
628	629
628	632
628	639
628	642
628	644
628	647
628	648
628	650
629	632
629	639
629	642
629	644
629	647
629	648
629	650
632	639
632	642
632	644
632	647
632	648
632	650
639	642
639	644
639	647
639	648
639	650
642	644
642	647
642	648
642	650
644	647
644	648
644	650
647	648
647	650
648	650
651	652
651	653
651	654
651	655
651	658
651	659
651	660
651	668
651	669
651	670
651	671
651	677
651	679
651	681
651	688
651	690
651	693
651	696
651	697
651	698
651	699
652	653
652	654
652	655
652	658
652	659
652	660
652	668
652	669
652	670
652	671
652	677
652	679
652	681
652	688
652	690
652	693
652	696
652	697
652	698
652	699
653	654
653	655
653	658
653	659
653	660
653	668
653	669
653	670
653	671
653	677
653	679
653	681
653	688
653	690
653	693
653	696
653	697
653	698
653	699
654	655
654	658
654	659
654	660
654	668
654	669
654	670
654	671
654	677
654	679
654	681
654	688
654	690
654	693
654	696
654	697
654	698
654	699
655	658
655	659
655	660
655	668
655	669
655	670
655	671
655	677
655	679
655	681
655	688
655	690
655	693
655	696
655	697
655	698
655	699
658	659
658	660
658	668
658	669
658	670
658	671
658	677
658	679
658	681
658	688
658	690
658	693
658	696
658	697
658	698
658	699
659	660
659	668
659	669
659	670
659	671
659	677
659	679
659	681
659	688
659	690
659	693
659	696
659	697
659	698
659	699
660	668
660	669
660	670
660	671
660	677
660	679
660	681
660	688
660	690
660	693
660	696
660	697
660	698
660	699
668	669
668	670
668	671
668	677
668	679
668	681
668	688
668	690
668	693
668	696
668	697
668	698
668	699
669	670
669	671
669	677
669	679
669	681
669	688
669	690
669	693
669	696
669	697
669	698
669	699
670	671
670	677
670	679
670	681
670	688
670	690
670	693
670	696
670	697
670	698
670	699
671	677
671	679
671	681
671	688
671	690
671	693
671	696
671	697
671	698
671	699
677	679
677	681
677	688
677	690
677	693
677	696
677	697
677	698
677	699
679	681
679	688
679	690
679	693
679	696
679	697
679	698
679	699
681	688
681	690
681	693
681	696
681	697
681	698
681	699
688	690
688	693
688	696
688	697
688	698
688	699
690	693
690	696
690	697
690	698
690	699
693	696
693	697
693	698
693	699
696	697
696	698
696	699
697	698
697	699
698	699
701	702
701	705
701	707
701	708
701	713
701	716
701	717
701	718
701	721
701	722
701	723
701	726
701	728
701	729
701	732
701	733
701	735
701	736
701	738
701	739
701	744
701	746
701	749
702	705
702	707
702	708
702	713
702	716
702	717
702	718
702	721
702	722
702	723
702	726
702	728
702	729
702	732
702	733
702	735
702	736
702	738
702	739
702	744
702	746
702	749
705	707
705	708
705	713
705	716
705	717
705	718
705	721
705	722
705	723
705	726
705	728
705	729
705	732
705	733
705	735
705	736
705	738
705	739
705	744
705	746
705	749
707	708
707	713
707	716
707	717
707	718
707	721
707	722
707	723
707	726
707	728
707	729
707	732
707	733
707	735
707	736
707	738
707	739
707	744
707	746
707	749
708	713
708	716
708	717
708	718
708	721
708	722
708	723
708	726
708	728
708	729
708	732
708	733
708	735
708	736
708	738
708	739
708	744
708	746
708	749
713	716
713	717
713	718
713	721
713	722
713	723
713	726
713	728
713	729
713	732
713	733
713	735
713	736
713	738
713	739
713	744
713	746
713	749
716	717
716	718
716	721
716	722
716	723
716	726
716	728
716	729
716	732
716	733
716	735
716	736
716	738
716	739
716	744
716	746
716	749
717	718
717	721
717	722
717	723
717	726
717	728
717	729
717	732
717	733
717	735
717	736
717	738
717	739
717	744
717	746
717	749
718	721
718	722
718	723
718	726
718	728
718	729
718	732
718	733
718	735
718	736
718	738
718	739
718	744
718	746
718	749
721	722
721	723
721	726
721	728
721	729
721	732
721	733
721	735
721	736
721	738
721	739
721	744
721	746
721	749
722	723
722	726
722	728
722	729
722	732
722	733
722	735
722	736
722	738
722	739
722	744
722	746
722	749
723	726
723	728
723	729
723	732
723	733
723	735
723	736
723	738
723	739
723	744
723	746
723	749
726	728
726	729
726	732
726	733
726	735
726	736
726	738
726	739
726	744
726	746
726	749
728	729
728	732
728	733
728	735
728	736
728	738
728	739
728	744
728	746
728	749
729	732
729	733
729	735
729	736
729	738
729	739
729	744
729	746
729	749
732	733
732	735
732	736
732	738
732	739
732	744
732	746
732	749
733	735
733	736
733	738
733	739
733	744
733	746
733	749
735	736
735	738
735	739
735	744
735	746
735	749
736	738
736	739
736	744
736	746
736	749
738	739
738	744
738	746
738	749
739	744
739	746
739	749
744	746
744	749
746	749
754	756
754	757
754	758
754	759
754	761
754	766
754	767
754	769
754	770
754	772
754	773
754	775
754	777
754	780
754	781
754	785
754	789
754	790
754	791
754	792
754	794
754	797
754	798
754	799
754	800
756	757
756	758
756	759
756	761
756	766
756	767
756	769
756	770
756	772
756	773
756	775
756	777
756	780
756	781
756	785
756	789
756	790
756	791
756	792
756	794
756	797
756	798
756	799
756	800
757	758
757	759
757	761
757	766
757	767
757	769
757	770
757	772
757	773
757	775
757	777
757	780
757	781
757	785
757	789
757	790
757	791
757	792
757	794
757	797
757	798
757	799
757	800
758	759
758	761
758	766
758	767
758	769
758	770
758	772
758	773
758	775
758	777
758	780
758	781
758	785
758	789
758	790
758	791
758	792
758	794
758	797
758	798
758	799
758	800
759	761
759	766
759	767
759	769
759	770
759	772
759	773
759	775
759	777
759	780
759	781
759	785
759	789
759	790
759	791
759	792
759	794
759	797
759	798
759	799
759	800
761	766
761	767
761	769
761	770
761	772
761	773
761	775
761	777
761	780
761	781
761	785
761	789
761	790
761	791
761	792
761	794
761	797
761	798
761	799
761	800
766	767
766	769
766	770
766	772
766	773
766	775
766	777
766	780
766	781
766	785
766	789
766	790
766	791
766	792
766	794
766	797
766	798
766	799
766	800
767	769
767	770
767	772
767	773
767	775
767	777
767	780
767	781
767	785
767	789
767	790
767	791
767	792
767	794
767	797
767	798
767	799
767	800
769	770
769	772
769	773
769	775
769	777
769	780
769	781
769	785
769	789
769	790
769	791
769	792
769	794
769	797
769	798
769	799
769	800
770	772
770	773
770	775
770	777
770	780
770	781
770	785
770	789
770	790
770	791
770	792
770	794
770	797
770	798
770	799
770	800
772	773
772	775
772	777
772	780
772	781
772	785
772	789
772	790
772	791
772	792
772	794
772	797
772	798
772	799
772	800
773	775
773	777
773	780
773	781
773	785
773	789
773	790
773	791
773	792
773	794
773	797
773	798
773	799
773	800
775	777
775	780
775	781
775	785
775	789
775	790
775	791
775	792
775	794
775	797
775	798
775	799
775	800
777	780
777	781
777	785
777	789
777	790
777	791
777	792
777	794
777	797
777	798
777	799
777	800
780	781
780	785
780	789
780	790
780	791
780	792
780	794
780	797
780	798
780	799
780	800
781	785
781	789
781	790
781	791
781	792
781	794
781	797
781	798
781	799
781	800
785	789
785	790
785	791
785	792
785	794
785	797
785	798
785	799
785	800
789	790
789	791
789	792
789	794
789	797
789	798
789	799
789	800
790	791
790	792
790	794
790	797
790	798
790	799
790	800
791	792
791	794
791	797
791	798
791	799
791	800
792	794
792	797
792	798
792	799
792	800
794	797
794	798
794	799
794	800
797	798
797	799
797	800
798	799
798	800
799	800
802	806
802	808
802	809
802	813
802	817
802	820
802	823
802	825
802	828
802	833
802	835
802	838
802	841
802	843
802	844
802	845
802	850
802	852
802	853
802	854
802	857
802	859
802	860
802	862
802	863
802	864
802	865
802	867
802	869
802	872
802	874
802	875
802	876
802	877
806	808
806	809
806	813
806	817
806	820
806	823
806	825
806	828
806	833
806	835
806	838
806	841
806	843
806	844
806	845
806	850
806	852
806	853
806	854
806	857
806	859
806	860
806	862
806	863
806	864
806	865
806	867
806	869
806	872
806	874
806	875
806	876
806	877
808	809
808	813
808	817
808	820
808	823
808	825
808	828
808	833
808	835
808	838
808	841
808	843
808	844
808	845
808	850
808	852
808	853
808	854
808	857
808	859
808	860
808	862
808	863
808	864
808	865
808	867
808	869
808	872
808	874
808	875
808	876
808	877
809	813
809	817
809	820
809	823
809	825
809	828
809	833
809	835
809	838
809	841
809	843
809	844
809	845
809	850
809	852
809	853
809	854
809	857
809	859
809	860
809	862
809	863
809	864
809	865
809	867
809	869
809	872
809	874
809	875
809	876
809	877
813	817
813	820
813	823
813	825
813	828
813	833
813	835
813	838
813	841
813	843
813	844
813	845
813	850
813	852
813	853
813	854
813	857
813	859
813	860
813	862
813	863
813	864
813	865
813	867
813	869
813	872
813	874
813	875
813	876
813	877
817	820
817	823
817	825
817	828
817	833
817	835
817	838
817	841
817	843
817	844
817	845
817	850
817	852
817	853
817	854
817	857
817	859
817	860
817	862
817	863
817	864
817	865
817	867
817	869
817	872
817	874
817	875
817	876
817	877
820	823
820	825
820	828
820	833
820	835
820	838
820	841
820	843
820	844
820	845
820	850
820	852
820	853
820	854
820	857
820	859
820	860
820	862
820	863
820	864
820	865
820	867
820	869
820	872
820	874
820	875
820	876
820	877
823	825
823	828
823	833
823	835
823	838
823	841
823	843
823	844
823	845
823	850
823	852
823	853
823	854
823	857
823	859
823	860
823	862
823	863
823	864
823	865
823	867
823	869
823	872
823	874
823	875
823	876
823	877
825	828
825	833
825	835
825	838
825	841
825	843
825	844
825	845
825	850
825	852
825	853
825	854
825	857
825	859
825	860
825	862
825	863
825	864
825	865
825	867
825	869
825	872
825	874
825	875
825	876
825	877
828	833
828	835
828	838
828	841
828	843
828	844
828	845
828	850
828	852
828	853
828	854
828	857
828	859
828	860
828	862
828	863
828	864
828	865
828	867
828	869
828	872
828	874
828	875
828	876
828	877
833	835
833	838
833	841
833	843
833	844
833	845
833	850
833	852
833	853
833	854
833	857
833	859
833	860
833	862
833	863
833	864
833	865
833	867
833	869
833	872
833	874
833	875
833	876
833	877
835	838
835	841
835	843
835	844
835	845
835	850
835	852
835	853
835	854
835	857
835	859
835	860
835	862
835	863
835	864
835	865
835	867
835	869
835	872
835	874
835	875
835	876
835	877
838	841
838	843
838	844
838	845
838	850
838	852
838	853
838	854
838	857
838	859
838	860
838	862
838	863
838	864
838	865
838	867
838	869
838	872
838	874
838	875
838	876
838	877
841	843
841	844
841	845
841	850
841	852
841	853
841	854
841	857
841	859
841	860
841	862
841	863
841	864
841	865
841	867
841	869
841	872
841	874
841	875
841	876
841	877
843	844
843	845
843	850
843	852
843	853
843	854
843	857
843	859
843	860
843	862
843	863
843	864
843	865
843	867
843	869
843	872
843	874
843	875
843	876
843	877
844	845
844	850
844	852
844	853
844	854
844	857
844	859
844	860
844	862
844	863
844	864
844	865
844	867
844	869
844	872
844	874
844	875
844	876
844	877
845	850
845	852
845	853
845	854
845	857
845	859
845	860
845	862
845	863
845	864
845	865
845	867
845	869
845	872
845	874
845	875
845	876
845	877
850	852
850	853
850	854
850	857
850	859
850	860
850	862
850	863
850	864
850	865
850	867
850	869
850	872
850	874
850	875
850	876
850	877
852	853
852	854
852	857
852	859
852	860
852	862
852	863
852	864
852	865
852	867
852	869
852	872
852	874
852	875
852	876
852	877
853	854
853	857
853	859
853	860
853	862
853	863
853	864
853	865
853	867
853	869
853	872
853	874
853	875
853	876
853	877
854	857
854	859
854	860
854	862
854	863
854	864
854	865
854	867
854	869
854	872
854	874
854	875
854	876
854	877
857	859
857	860
857	862
857	863
857	864
857	865
857	867
857	869
857	872
857	874
857	875
857	876
857	877
859	860
859	862
859	863
859	864
859	865
859	867
859	869
859	872
859	874
859	875
859	876
859	877
860	862
860	863
860	864
860	865
860	867
860	869
860	872
860	874
860	875
860	876
860	877
862	863
862	864
862	865
862	867
862	869
862	872
862	874
862	875
862	876
862	877
863	864
863	865
863	867
863	869
863	872
863	874
863	875
863	876
863	877
864	865
864	867
864	869
864	872
864	874
864	875
864	876
864	877
865	867
865	869
865	872
865	874
865	875
865	876
865	877
867	869
867	872
867	874
867	875
867	876
867	877
869	872
869	874
869	875
869	876
869	877
872	874
872	875
872	876
872	877
874	875
874	876
874	877
875	876
875	877
876	877
879	885
879	886
879	887
879	888
879	889
879	892
879	895
879	898
879	899
879	901
879	903
879	904
879	905
879	906
879	907
879	908
879	912
879	913
879	915
879	918
879	927
885	886
885	887
885	888
885	889
885	892
885	895
885	898
885	899
885	901
885	903
885	904
885	905
885	906
885	907
885	908
885	912
885	913
885	915
885	918
885	927
886	887
886	888
886	889
886	892
886	895
886	898
886	899
886	901
886	903
886	904
886	905
886	906
886	907
886	908
886	912
886	913
886	915
886	918
886	927
887	888
887	889
887	892
887	895
887	898
887	899
887	901
887	903
887	904
887	905
887	906
887	907
887	908
887	912
887	913
887	915
887	918
887	927
888	889
888	892
888	895
888	898
888	899
888	901
888	903
888	904
888	905
888	906
888	907
888	908
888	912
888	913
888	915
888	918
888	927
889	892
889	895
889	898
889	899
889	901
889	903
889	904
889	905
889	906
889	907
889	908
889	912
889	913
889	915
889	918
889	927
892	895
892	898
892	899
892	901
892	903
892	904
892	905
892	906
892	907
892	908
892	912
892	913
892	915
892	918
892	927
895	898
895	899
895	901
895	903
895	904
895	905
895	906
895	907
895	908
895	912
895	913
895	915
895	918
895	927
898	899
898	901
898	903
898	904
898	905
898	906
898	907
898	908
898	912
898	913
898	915
898	918
898	927
899	901
899	903
899	904
899	905
899	906
899	907
899	908
899	912
899	913
899	915
899	918
899	927
901	903
901	904
901	905
901	906
901	907
901	908
901	912
901	913
901	915
901	918
901	927
903	904
903	905
903	906
903	907
903	908
903	912
903	913
903	915
903	918
903	927
904	905
904	906
904	907
904	908
904	912
904	913
904	915
904	918
904	927
905	906
905	907
905	908
905	912
905	913
905	915
905	918
905	927
906	907
906	908
906	912
906	913
906	915
906	918
906	927
907	908
907	912
907	913
907	915
907	918
907	927
908	912
908	913
908	915
908	918
908	927
912	913
912	915
912	918
912	927
913	915
913	918
913	927
915	918
915	927
918	927
928	929
928	931
928	932
928	936
928	937
928	938
928	943
928	944
928	945
928	948
928	949
928	950
928	952
928	953
928	954
928	955
928	957
928	958
928	959
928	961
928	962
928	963
928	964
928	965
928	966
928	967
928	969
928	970
928	971
928	972
928	974
928	977
929	931
929	932
929	936
929	937
929	938
929	943
929	944
929	945
929	948
929	949
929	950
929	952
929	953
929	954
929	955
929	957
929	958
929	959
929	961
929	962
929	963
929	964
929	965
929	966
929	967
929	969
929	970
929	971
929	972
929	974
929	977
931	932
931	936
931	937
931	938
931	943
931	944
931	945
931	948
931	949
931	950
931	952
931	953
931	954
931	955
931	957
931	958
931	959
931	961
931	962
931	963
931	964
931	965
931	966
931	967
931	969
931	970
931	971
931	972
931	974
931	977
932	936
932	937
932	938
932	943
932	944
932	945
932	948
932	949
932	950
932	952
932	953
932	954
932	955
932	957
932	958
932	959
932	961
932	962
932	963
932	964
932	965
932	966
932	967
932	969
932	970
932	971
932	972
932	974
932	977
936	937
936	938
936	943
936	944
936	945
936	948
936	949
936	950
936	952
936	953
936	954
936	955
936	957
936	958
936	959
936	961
936	962
936	963
936	964
936	965
936	966
936	967
936	969
936	970
936	971
936	972
936	974
936	977
937	938
937	943
937	944
937	945
937	948
937	949
937	950
937	952
937	953
937	954
937	955
937	957
937	958
937	959
937	961
937	962
937	963
937	964
937	965
937	966
937	967
937	969
937	970
937	971
937	972
937	974
937	977
938	943
938	944
938	945
938	948
938	949
938	950
938	952
938	953
938	954
938	955
938	957
938	958
938	959
938	961
938	962
938	963
938	964
938	965
938	966
938	967
938	969
938	970
938	971
938	972
938	974
938	977
943	944
943	945
943	948
943	949
943	950
943	952
943	953
943	954
943	955
943	957
943	958
943	959
943	961
943	962
943	963
943	964
943	965
943	966
943	967
943	969
943	970
943	971
943	972
943	974
943	977
944	945
944	948
944	949
944	950
944	952
944	953
944	954
944	955
944	957
944	958
944	959
944	961
944	962
944	963
944	964
944	965
944	966
944	967
944	969
944	970
944	971
944	972
944	974
944	977
945	948
945	949
945	950
945	952
945	953
945	954
945	955
945	957
945	958
945	959
945	961
945	962
945	963
945	964
945	965
945	966
945	967
945	969
945	970
945	971
945	972
945	974
945	977
948	949
948	950
948	952
948	953
948	954
948	955
948	957
948	958
948	959
948	961
948	962
948	963
948	964
948	965
948	966
948	967
948	969
948	970
948	971
948	972
948	974
948	977
949	950
949	952
949	953
949	954
949	955
949	957
949	958
949	959
949	961
949	962
949	963
949	964
949	965
949	966
949	967
949	969
949	970
949	971
949	972
949	974
949	977
950	952
950	953
950	954
950	955
950	957
950	958
950	959
950	961
950	962
950	963
950	964
950	965
950	966
950	967
950	969
950	970
950	971
950	972
950	974
950	977
952	953
952	954
952	955
952	957
952	958
952	959
952	961
952	962
952	963
952	964
952	965
952	966
952	967
952	969
952	970
952	971
952	972
952	974
952	977
953	954
953	955
953	957
953	958
953	959
953	961
953	962
953	963
953	964
953	965
953	966
953	967
953	969
953	970
953	971
953	972
953	974
953	977
954	955
954	957
954	958
954	959
954	961
954	962
954	963
954	964
954	965
954	966
954	967
954	969
954	970
954	971
954	972
954	974
954	977
955	957
955	958
955	959
955	961
955	962
955	963
955	964
955	965
955	966
955	967
955	969
955	970
955	971
955	972
955	974
955	977
957	958
957	959
957	961
957	962
957	963
957	964
957	965
957	966
957	967
957	969
957	970
957	971
957	972
957	974
957	977
958	959
958	961
958	962
958	963
958	964
958	965
958	966
958	967
958	969
958	970
958	971
958	972
958	974
958	977
959	961
959	962
959	963
959	964
959	965
959	966
959	967
959	969
959	970
959	971
959	972
959	974
959	977
961	962
961	963
961	964
961	965
961	966
961	967
961	969
961	970
961	971
961	972
961	974
961	977
962	963
962	964
962	965
962	966
962	967
962	969
962	970
962	971
962	972
962	974
962	977
963	964
963	965
963	966
963	967
963	969
963	970
963	971
963	972
963	974
963	977
964	965
964	966
964	967
964	969
964	970
964	971
964	972
964	974
964	977
965	966
965	967
965	969
965	970
965	971
965	972
965	974
965	977
966	967
966	969
966	970
966	971
966	972
966	974
966	977
967	969
967	970
967	971
967	972
967	974
967	977
969	970
969	971
969	972
969	974
969	977
970	971
970	972
970	974
970	977
971	972
971	974
971	977
972	974
972	977
974	977
978	982
978	983
978	986
978	992
978	993
978	998
978	999
978	1001
978	1002
978	1008
978	1009
978	1011
978	1014
978	1019
978	1020
978	1021
978	1022
978	1024
978	1025
978	1026
978	1027
982	983
982	986
982	992
982	993
982	998
982	999
982	1001
982	1002
982	1008
982	1009
982	1011
982	1014
982	1019
982	1020
982	1021
982	1022
982	1024
982	1025
982	1026
982	1027
983	986
983	992
983	993
983	998
983	999
983	1001
983	1002
983	1008
983	1009
983	1011
983	1014
983	1019
983	1020
983	1021
983	1022
983	1024
983	1025
983	1026
983	1027
986	992
986	993
986	998
986	999
986	1001
986	1002
986	1008
986	1009
986	1011
986	1014
986	1019
986	1020
986	1021
986	1022
986	1024
986	1025
986	1026
986	1027
992	993
992	998
992	999
992	1001
992	1002
992	1008
992	1009
992	1011
992	1014
992	1019
992	1020
992	1021
992	1022
992	1024
992	1025
992	1026
992	1027
993	998
993	999
993	1001
993	1002
993	1008
993	1009
993	1011
993	1014
993	1019
993	1020
993	1021
993	1022
993	1024
993	1025
993	1026
993	1027
998	999
998	1001
998	1002
998	1008
998	1009
998	1011
998	1014
998	1019
998	1020
998	1021
998	1022
998	1024
998	1025
998	1026
998	1027
999	1001
999	1002
999	1008
999	1009
999	1011
999	1014
999	1019
999	1020
999	1021
999	1022
999	1024
999	1025
999	1026
999	1027
1001	1002
1001	1008
1001	1009
1001	1011
1001	1014
1001	1019
1001	1020
1001	1021
1001	1022
1001	1024
1001	1025
1001	1026
1001	1027
1002	1008
1002	1009
1002	1011
1002	1014
1002	1019
1002	1020
1002	1021
1002	1022
1002	1024
1002	1025
1002	1026
1002	1027
1008	1009
1008	1011
1008	1014
1008	1019
1008	1020
1008	1021
1008	1022
1008	1024
1008	1025
1008	1026
1008	1027
1009	1011
1009	1014
1009	1019
1009	1020
1009	1021
1009	1022
1009	1024
1009	1025
1009	1026
1009	1027
1011	1014
1011	1019
1011	1020
1011	1021
1011	1022
1011	1024
1011	1025
1011	1026
1011	1027
1014	1019
1014	1020
1014	1021
1014	1022
1014	1024
1014	1025
1014	1026
1014	1027
1019	1020
1019	1021
1019	1022
1019	1024
1019	1025
1019	1026
1019	1027
1020	1021
1020	1022
1020	1024
1020	1025
1020	1026
1020	1027
1021	1022
1021	1024
1021	1025
1021	1026
1021	1027
1022	1024
1022	1025
1022	1026
1022	1027
1024	1025
1024	1026
1024	1027
1025	1026
1025	1027
1026	1027
1029	1030
1029	1032
1029	1033
1029	1034
1029	1037
1029	1038
1029	1039
1029	1040
1029	1041
1029	1044
1029	1046
1029	1047
1029	1050
1029	1051
1029	1052
1029	1054
1029	1055
1029	1056
1029	1057
1029	1059
1029	1060
1029	1061
1029	1064
1029	1066
1029	1068
1029	1071
1029	1072
1029	1073
1029	1074
1030	1032
1030	1033
1030	1034
1030	1037
1030	1038
1030	1039
1030	1040
1030	1041
1030	1044
1030	1046
1030	1047
1030	1050
1030	1051
1030	1052
1030	1054
1030	1055
1030	1056
1030	1057
1030	1059
1030	1060
1030	1061
1030	1064
1030	1066
1030	1068
1030	1071
1030	1072
1030	1073
1030	1074
1032	1033
1032	1034
1032	1037
1032	1038
1032	1039
1032	1040
1032	1041
1032	1044
1032	1046
1032	1047
1032	1050
1032	1051
1032	1052
1032	1054
1032	1055
1032	1056
1032	1057
1032	1059
1032	1060
1032	1061
1032	1064
1032	1066
1032	1068
1032	1071
1032	1072
1032	1073
1032	1074
1033	1034
1033	1037
1033	1038
1033	1039
1033	1040
1033	1041
1033	1044
1033	1046
1033	1047
1033	1050
1033	1051
1033	1052
1033	1054
1033	1055
1033	1056
1033	1057
1033	1059
1033	1060
1033	1061
1033	1064
1033	1066
1033	1068
1033	1071
1033	1072
1033	1073
1033	1074
1034	1037
1034	1038
1034	1039
1034	1040
1034	1041
1034	1044
1034	1046
1034	1047
1034	1050
1034	1051
1034	1052
1034	1054
1034	1055
1034	1056
1034	1057
1034	1059
1034	1060
1034	1061
1034	1064
1034	1066
1034	1068
1034	1071
1034	1072
1034	1073
1034	1074
1037	1038
1037	1039
1037	1040
1037	1041
1037	1044
1037	1046
1037	1047
1037	1050
1037	1051
1037	1052
1037	1054
1037	1055
1037	1056
1037	1057
1037	1059
1037	1060
1037	1061
1037	1064
1037	1066
1037	1068
1037	1071
1037	1072
1037	1073
1037	1074
1038	1039
1038	1040
1038	1041
1038	1044
1038	1046
1038	1047
1038	1050
1038	1051
1038	1052
1038	1054
1038	1055
1038	1056
1038	1057
1038	1059
1038	1060
1038	1061
1038	1064
1038	1066
1038	1068
1038	1071
1038	1072
1038	1073
1038	1074
1039	1040
1039	1041
1039	1044
1039	1046
1039	1047
1039	1050
1039	1051
1039	1052
1039	1054
1039	1055
1039	1056
1039	1057
1039	1059
1039	1060
1039	1061
1039	1064
1039	1066
1039	1068
1039	1071
1039	1072
1039	1073
1039	1074
1040	1041
1040	1044
1040	1046
1040	1047
1040	1050
1040	1051
1040	1052
1040	1054
1040	1055
1040	1056
1040	1057
1040	1059
1040	1060
1040	1061
1040	1064
1040	1066
1040	1068
1040	1071
1040	1072
1040	1073
1040	1074
1041	1044
1041	1046
1041	1047
1041	1050
1041	1051
1041	1052
1041	1054
1041	1055
1041	1056
1041	1057
1041	1059
1041	1060
1041	1061
1041	1064
1041	1066
1041	1068
1041	1071
1041	1072
1041	1073
1041	1074
1044	1046
1044	1047
1044	1050
1044	1051
1044	1052
1044	1054
1044	1055
1044	1056
1044	1057
1044	1059
1044	1060
1044	1061
1044	1064
1044	1066
1044	1068
1044	1071
1044	1072
1044	1073
1044	1074
1046	1047
1046	1050
1046	1051
1046	1052
1046	1054
1046	1055
1046	1056
1046	1057
1046	1059
1046	1060
1046	1061
1046	1064
1046	1066
1046	1068
1046	1071
1046	1072
1046	1073
1046	1074
1047	1050
1047	1051
1047	1052
1047	1054
1047	1055
1047	1056
1047	1057
1047	1059
1047	1060
1047	1061
1047	1064
1047	1066
1047	1068
1047	1071
1047	1072
1047	1073
1047	1074
1050	1051
1050	1052
1050	1054
1050	1055
1050	1056
1050	1057
1050	1059
1050	1060
1050	1061
1050	1064
1050	1066
1050	1068
1050	1071
1050	1072
1050	1073
1050	1074
1051	1052
1051	1054
1051	1055
1051	1056
1051	1057
1051	1059
1051	1060
1051	1061
1051	1064
1051	1066
1051	1068
1051	1071
1051	1072
1051	1073
1051	1074
1052	1054
1052	1055
1052	1056
1052	1057
1052	1059
1052	1060
1052	1061
1052	1064
1052	1066
1052	1068
1052	1071
1052	1072
1052	1073
1052	1074
1054	1055
1054	1056
1054	1057
1054	1059
1054	1060
1054	1061
1054	1064
1054	1066
1054	1068
1054	1071
1054	1072
1054	1073
1054	1074
1055	1056
1055	1057
1055	1059
1055	1060
1055	1061
1055	1064
1055	1066
1055	1068
1055	1071
1055	1072
1055	1073
1055	1074
1056	1057
1056	1059
1056	1060
1056	1061
1056	1064
1056	1066
1056	1068
1056	1071
1056	1072
1056	1073
1056	1074
1057	1059
1057	1060
1057	1061
1057	1064
1057	1066
1057	1068
1057	1071
1057	1072
1057	1073
1057	1074
1059	1060
1059	1061
1059	1064
1059	1066
1059	1068
1059	1071
1059	1072
1059	1073
1059	1074
1060	1061
1060	1064
1060	1066
1060	1068
1060	1071
1060	1072
1060	1073
1060	1074
1061	1064
1061	1066
1061	1068
1061	1071
1061	1072
1061	1073
1061	1074
1064	1066
1064	1068
1064	1071
1064	1072
1064	1073
1064	1074
1066	1068
1066	1071
1066	1072
1066	1073
1066	1074
1068	1071
1068	1072
1068	1073
1068	1074
1071	1072
1071	1073
1071	1074
1072	1073
1072	1074
1073	1074
1079	1080
1079	1084
1079	1087
1079	1096
1079	1098
1079	1102
1079	1105
1079	1111
1079	1114
1079	1115
1079	1117
1079	1119
1079	1121
1079	1124
1079	1125
1080	1084
1080	1087
1080	1096
1080	1098
1080	1102
1080	1105
1080	1111
1080	1114
1080	1115
1080	1117
1080	1119
1080	1121
1080	1124
1080	1125
1084	1087
1084	1096
1084	1098
1084	1102
1084	1105
1084	1111
1084	1114
1084	1115
1084	1117
1084	1119
1084	1121
1084	1124
1084	1125
1087	1096
1087	1098
1087	1102
1087	1105
1087	1111
1087	1114
1087	1115
1087	1117
1087	1119
1087	1121
1087	1124
1087	1125
1096	1098
1096	1102
1096	1105
1096	1111
1096	1114
1096	1115
1096	1117
1096	1119
1096	1121
1096	1124
1096	1125
1098	1102
1098	1105
1098	1111
1098	1114
1098	1115
1098	1117
1098	1119
1098	1121
1098	1124
1098	1125
1102	1105
1102	1111
1102	1114
1102	1115
1102	1117
1102	1119
1102	1121
1102	1124
1102	1125
1105	1111
1105	1114
1105	1115
1105	1117
1105	1119
1105	1121
1105	1124
1105	1125
1111	1114
1111	1115
1111	1117
1111	1119
1111	1121
1111	1124
1111	1125
1114	1115
1114	1117
1114	1119
1114	1121
1114	1124
1114	1125
1115	1117
1115	1119
1115	1121
1115	1124
1115	1125
1117	1119
1117	1121
1117	1124
1117	1125
1119	1121
1119	1124
1119	1125
1121	1124
1121	1125
1124	1125
1128	1129
1128	1130
1128	1132
1128	1135
1128	1140
1128	1141
1128	1142
1128	1143
1128	1145
1128	1147
1128	1150
1128	1151
1128	1152
1128	1153
1128	1158
1128	1161
1128	1162
1128	1164
1128	1165
1128	1172
1128	1177
1129	1130
1129	1132
1129	1135
1129	1140
1129	1141
1129	1142
1129	1143
1129	1145
1129	1147
1129	1150
1129	1151
1129	1152
1129	1153
1129	1158
1129	1161
1129	1162
1129	1164
1129	1165
1129	1172
1129	1177
1130	1132
1130	1135
1130	1140
1130	1141
1130	1142
1130	1143
1130	1145
1130	1147
1130	1150
1130	1151
1130	1152
1130	1153
1130	1158
1130	1161
1130	1162
1130	1164
1130	1165
1130	1172
1130	1177
1132	1135
1132	1140
1132	1141
1132	1142
1132	1143
1132	1145
1132	1147
1132	1150
1132	1151
1132	1152
1132	1153
1132	1158
1132	1161
1132	1162
1132	1164
1132	1165
1132	1172
1132	1177
1135	1140
1135	1141
1135	1142
1135	1143
1135	1145
1135	1147
1135	1150
1135	1151
1135	1152
1135	1153
1135	1158
1135	1161
1135	1162
1135	1164
1135	1165
1135	1172
1135	1177
1140	1141
1140	1142
1140	1143
1140	1145
1140	1147
1140	1150
1140	1151
1140	1152
1140	1153
1140	1158
1140	1161
1140	1162
1140	1164
1140	1165
1140	1172
1140	1177
1141	1142
1141	1143
1141	1145
1141	1147
1141	1150
1141	1151
1141	1152
1141	1153
1141	1158
1141	1161
1141	1162
1141	1164
1141	1165
1141	1172
1141	1177
1142	1143
1142	1145
1142	1147
1142	1150
1142	1151
1142	1152
1142	1153
1142	1158
1142	1161
1142	1162
1142	1164
1142	1165
1142	1172
1142	1177
1143	1145
1143	1147
1143	1150
1143	1151
1143	1152
1143	1153
1143	1158
1143	1161
1143	1162
1143	1164
1143	1165
1143	1172
1143	1177
1145	1147
1145	1150
1145	1151
1145	1152
1145	1153
1145	1158
1145	1161
1145	1162
1145	1164
1145	1165
1145	1172
1145	1177
1147	1150
1147	1151
1147	1152
1147	1153
1147	1158
1147	1161
1147	1162
1147	1164
1147	1165
1147	1172
1147	1177
1150	1151
1150	1152
1150	1153
1150	1158
1150	1161
1150	1162
1150	1164
1150	1165
1150	1172
1150	1177
1151	1152
1151	1153
1151	1158
1151	1161
1151	1162
1151	1164
1151	1165
1151	1172
1151	1177
1152	1153
1152	1158
1152	1161
1152	1162
1152	1164
1152	1165
1152	1172
1152	1177
1153	1158
1153	1161
1153	1162
1153	1164
1153	1165
1153	1172
1153	1177
1158	1161
1158	1162
1158	1164
1158	1165
1158	1172
1158	1177
1161	1162
1161	1164
1161	1165
1161	1172
1161	1177
1162	1164
1162	1165
1162	1172
1162	1177
1164	1165
1164	1172
1164	1177
1165	1172
1165	1177
1172	1177
1179	1181
1179	1182
1179	1187
1179	1189
1179	1191
1179	1192
1179	1193
1179	1194
1179	1195
1179	1200
1179	1201
1179	1202
1179	1204
1179	1205
1179	1206
1179	1207
1179	1208
1179	1209
1179	1211
1179	1213
1179	1215
1179	1217
1179	1224
1179	1225
1179	1226
1181	1182
1181	1187
1181	1189
1181	1191
1181	1192
1181	1193
1181	1194
1181	1195
1181	1200
1181	1201
1181	1202
1181	1204
1181	1205
1181	1206
1181	1207
1181	1208
1181	1209
1181	1211
1181	1213
1181	1215
1181	1217
1181	1224
1181	1225
1181	1226
1182	1187
1182	1189
1182	1191
1182	1192
1182	1193
1182	1194
1182	1195
1182	1200
1182	1201
1182	1202
1182	1204
1182	1205
1182	1206
1182	1207
1182	1208
1182	1209
1182	1211
1182	1213
1182	1215
1182	1217
1182	1224
1182	1225
1182	1226
1187	1189
1187	1191
1187	1192
1187	1193
1187	1194
1187	1195
1187	1200
1187	1201
1187	1202
1187	1204
1187	1205
1187	1206
1187	1207
1187	1208
1187	1209
1187	1211
1187	1213
1187	1215
1187	1217
1187	1224
1187	1225
1187	1226
1189	1191
1189	1192
1189	1193
1189	1194
1189	1195
1189	1200
1189	1201
1189	1202
1189	1204
1189	1205
1189	1206
1189	1207
1189	1208
1189	1209
1189	1211
1189	1213
1189	1215
1189	1217
1189	1224
1189	1225
1189	1226
1191	1192
1191	1193
1191	1194
1191	1195
1191	1200
1191	1201
1191	1202
1191	1204
1191	1205
1191	1206
1191	1207
1191	1208
1191	1209
1191	1211
1191	1213
1191	1215
1191	1217
1191	1224
1191	1225
1191	1226
1192	1193
1192	1194
1192	1195
1192	1200
1192	1201
1192	1202
1192	1204
1192	1205
1192	1206
1192	1207
1192	1208
1192	1209
1192	1211
1192	1213
1192	1215
1192	1217
1192	1224
1192	1225
1192	1226
1193	1194
1193	1195
1193	1200
1193	1201
1193	1202
1193	1204
1193	1205
1193	1206
1193	1207
1193	1208
1193	1209
1193	1211
1193	1213
1193	1215
1193	1217
1193	1224
1193	1225
1193	1226
1194	1195
1194	1200
1194	1201
1194	1202
1194	1204
1194	1205
1194	1206
1194	1207
1194	1208
1194	1209
1194	1211
1194	1213
1194	1215
1194	1217
1194	1224
1194	1225
1194	1226
1195	1200
1195	1201
1195	1202
1195	1204
1195	1205
1195	1206
1195	1207
1195	1208
1195	1209
1195	1211
1195	1213
1195	1215
1195	1217
1195	1224
1195	1225
1195	1226
1200	1201
1200	1202
1200	1204
1200	1205
1200	1206
1200	1207
1200	1208
1200	1209
1200	1211
1200	1213
1200	1215
1200	1217
1200	1224
1200	1225
1200	1226
1201	1202
1201	1204
1201	1205
1201	1206
1201	1207
1201	1208
1201	1209
1201	1211
1201	1213
1201	1215
1201	1217
1201	1224
1201	1225
1201	1226
1202	1204
1202	1205
1202	1206
1202	1207
1202	1208
1202	1209
1202	1211
1202	1213
1202	1215
1202	1217
1202	1224
1202	1225
1202	1226
1204	1205
1204	1206
1204	1207
1204	1208
1204	1209
1204	1211
1204	1213
1204	1215
1204	1217
1204	1224
1204	1225
1204	1226
1205	1206
1205	1207
1205	1208
1205	1209
1205	1211
1205	1213
1205	1215
1205	1217
1205	1224
1205	1225
1205	1226
1206	1207
1206	1208
1206	1209
1206	1211
1206	1213
1206	1215
1206	1217
1206	1224
1206	1225
1206	1226
1207	1208
1207	1209
1207	1211
1207	1213
1207	1215
1207	1217
1207	1224
1207	1225
1207	1226
1208	1209
1208	1211
1208	1213
1208	1215
1208	1217
1208	1224
1208	1225
1208	1226
1209	1211
1209	1213
1209	1215
1209	1217
1209	1224
1209	1225
1209	1226
1211	1213
1211	1215
1211	1217
1211	1224
1211	1225
1211	1226
1213	1215
1213	1217
1213	1224
1213	1225
1213	1226
1215	1217
1215	1224
1215	1225
1215	1226
1217	1224
1217	1225
1217	1226
1224	1225
1224	1226
1225	1226
1229	1231
1229	1232
1229	1233
1229	1236
1229	1237
1229	1239
1229	1240
1229	1241
1229	1245
1229	1246
1229	1247
1229	1248
1229	1249
1229	1250
1229	1253
1229	1256
1229	1258
1229	1260
1229	1263
1229	1265
1229	1269
1229	1270
1229	1272
1229	1274
1229	1275
1229	1276
1229	1277
1231	1232
1231	1233
1231	1236
1231	1237
1231	1239
1231	1240
1231	1241
1231	1245
1231	1246
1231	1247
1231	1248
1231	1249
1231	1250
1231	1253
1231	1256
1231	1258
1231	1260
1231	1263
1231	1265
1231	1269
1231	1270
1231	1272
1231	1274
1231	1275
1231	1276
1231	1277
1232	1233
1232	1236
1232	1237
1232	1239
1232	1240
1232	1241
1232	1245
1232	1246
1232	1247
1232	1248
1232	1249
1232	1250
1232	1253
1232	1256
1232	1258
1232	1260
1232	1263
1232	1265
1232	1269
1232	1270
1232	1272
1232	1274
1232	1275
1232	1276
1232	1277
1233	1236
1233	1237
1233	1239
1233	1240
1233	1241
1233	1245
1233	1246
1233	1247
1233	1248
1233	1249
1233	1250
1233	1253
1233	1256
1233	1258
1233	1260
1233	1263
1233	1265
1233	1269
1233	1270
1233	1272
1233	1274
1233	1275
1233	1276
1233	1277
1236	1237
1236	1239
1236	1240
1236	1241
1236	1245
1236	1246
1236	1247
1236	1248
1236	1249
1236	1250
1236	1253
1236	1256
1236	1258
1236	1260
1236	1263
1236	1265
1236	1269
1236	1270
1236	1272
1236	1274
1236	1275
1236	1276
1236	1277
1237	1239
1237	1240
1237	1241
1237	1245
1237	1246
1237	1247
1237	1248
1237	1249
1237	1250
1237	1253
1237	1256
1237	1258
1237	1260
1237	1263
1237	1265
1237	1269
1237	1270
1237	1272
1237	1274
1237	1275
1237	1276
1237	1277
1239	1240
1239	1241
1239	1245
1239	1246
1239	1247
1239	1248
1239	1249
1239	1250
1239	1253
1239	1256
1239	1258
1239	1260
1239	1263
1239	1265
1239	1269
1239	1270
1239	1272
1239	1274
1239	1275
1239	1276
1239	1277
1240	1241
1240	1245
1240	1246
1240	1247
1240	1248
1240	1249
1240	1250
1240	1253
1240	1256
1240	1258
1240	1260
1240	1263
1240	1265
1240	1269
1240	1270
1240	1272
1240	1274
1240	1275
1240	1276
1240	1277
1241	1245
1241	1246
1241	1247
1241	1248
1241	1249
1241	1250
1241	1253
1241	1256
1241	1258
1241	1260
1241	1263
1241	1265
1241	1269
1241	1270
1241	1272
1241	1274
1241	1275
1241	1276
1241	1277
1245	1246
1245	1247
1245	1248
1245	1249
1245	1250
1245	1253
1245	1256
1245	1258
1245	1260
1245	1263
1245	1265
1245	1269
1245	1270
1245	1272
1245	1274
1245	1275
1245	1276
1245	1277
1246	1247
1246	1248
1246	1249
1246	1250
1246	1253
1246	1256
1246	1258
1246	1260
1246	1263
1246	1265
1246	1269
1246	1270
1246	1272
1246	1274
1246	1275
1246	1276
1246	1277
1247	1248
1247	1249
1247	1250
1247	1253
1247	1256
1247	1258
1247	1260
1247	1263
1247	1265
1247	1269
1247	1270
1247	1272
1247	1274
1247	1275
1247	1276
1247	1277
1248	1249
1248	1250
1248	1253
1248	1256
1248	1258
1248	1260
1248	1263
1248	1265
1248	1269
1248	1270
1248	1272
1248	1274
1248	1275
1248	1276
1248	1277
1249	1250
1249	1253
1249	1256
1249	1258
1249	1260
1249	1263
1249	1265
1249	1269
1249	1270
1249	1272
1249	1274
1249	1275
1249	1276
1249	1277
1250	1253
1250	1256
1250	1258
1250	1260
1250	1263
1250	1265
1250	1269
1250	1270
1250	1272
1250	1274
1250	1275
1250	1276
1250	1277
1253	1256
1253	1258
1253	1260
1253	1263
1253	1265
1253	1269
1253	1270
1253	1272
1253	1274
1253	1275
1253	1276
1253	1277
1256	1258
1256	1260
1256	1263
1256	1265
1256	1269
1256	1270
1256	1272
1256	1274
1256	1275
1256	1276
1256	1277
1258	1260
1258	1263
1258	1265
1258	1269
1258	1270
1258	1272
1258	1274
1258	1275
1258	1276
1258	1277
1260	1263
1260	1265
1260	1269
1260	1270
1260	1272
1260	1274
1260	1275
1260	1276
1260	1277
1263	1265
1263	1269
1263	1270
1263	1272
1263	1274
1263	1275
1263	1276
1263	1277
1265	1269
1265	1270
1265	1272
1265	1274
1265	1275
1265	1276
1265	1277
1269	1270
1269	1272
1269	1274
1269	1275
1269	1276
1269	1277
1270	1272
1270	1274
1270	1275
1270	1276
1270	1277
1272	1274
1272	1275
1272	1276
1272	1277
1274	1275
1274	1276
1274	1277
1275	1276
1275	1277
1276	1277
1278	1279
1278	1281
1278	1282
1278	1283
1278	1285
1278	1286
1278	1287
1278	1288
1278	1289
1278	1290
1278	1291
1278	1292
1278	1293
1278	1294
1278	1299
1278	1300
1278	1304
1278	1306
1278	1307
1278	1308
1278	1310
1278	1315
1278	1316
1278	1317
1278	1318
1278	1324
1278	1326
1278	1327
1278	1328
1278	1329
1278	1330
1279	1281
1279	1282
1279	1283
1279	1285
1279	1286
1279	1287
1279	1288
1279	1289
1279	1290
1279	1291
1279	1292
1279	1293
1279	1294
1279	1299
1279	1300
1279	1304
1279	1306
1279	1307
1279	1308
1279	1310
1279	1315
1279	1316
1279	1317
1279	1318
1279	1324
1279	1326
1279	1327
1279	1328
1279	1329
1279	1330
1281	1282
1281	1283
1281	1285
1281	1286
1281	1287
1281	1288
1281	1289
1281	1290
1281	1291
1281	1292
1281	1293
1281	1294
1281	1299
1281	1300
1281	1304
1281	1306
1281	1307
1281	1308
1281	1310
1281	1315
1281	1316
1281	1317
1281	1318
1281	1324
1281	1326
1281	1327
1281	1328
1281	1329
1281	1330
1282	1283
1282	1285
1282	1286
1282	1287
1282	1288
1282	1289
1282	1290
1282	1291
1282	1292
1282	1293
1282	1294
1282	1299
1282	1300
1282	1304
1282	1306
1282	1307
1282	1308
1282	1310
1282	1315
1282	1316
1282	1317
1282	1318
1282	1324
1282	1326
1282	1327
1282	1328
1282	1329
1282	1330
1283	1285
1283	1286
1283	1287
1283	1288
1283	1289
1283	1290
1283	1291
1283	1292
1283	1293
1283	1294
1283	1299
1283	1300
1283	1304
1283	1306
1283	1307
1283	1308
1283	1310
1283	1315
1283	1316
1283	1317
1283	1318
1283	1324
1283	1326
1283	1327
1283	1328
1283	1329
1283	1330
1285	1286
1285	1287
1285	1288
1285	1289
1285	1290
1285	1291
1285	1292
1285	1293
1285	1294
1285	1299
1285	1300
1285	1304
1285	1306
1285	1307
1285	1308
1285	1310
1285	1315
1285	1316
1285	1317
1285	1318
1285	1324
1285	1326
1285	1327
1285	1328
1285	1329
1285	1330
1286	1287
1286	1288
1286	1289
1286	1290
1286	1291
1286	1292
1286	1293
1286	1294
1286	1299
1286	1300
1286	1304
1286	1306
1286	1307
1286	1308
1286	1310
1286	1315
1286	1316
1286	1317
1286	1318
1286	1324
1286	1326
1286	1327
1286	1328
1286	1329
1286	1330
1287	1288
1287	1289
1287	1290
1287	1291
1287	1292
1287	1293
1287	1294
1287	1299
1287	1300
1287	1304
1287	1306
1287	1307
1287	1308
1287	1310
1287	1315
1287	1316
1287	1317
1287	1318
1287	1324
1287	1326
1287	1327
1287	1328
1287	1329
1287	1330
1288	1289
1288	1290
1288	1291
1288	1292
1288	1293
1288	1294
1288	1299
1288	1300
1288	1304
1288	1306
1288	1307
1288	1308
1288	1310
1288	1315
1288	1316
1288	1317
1288	1318
1288	1324
1288	1326
1288	1327
1288	1328
1288	1329
1288	1330
1289	1290
1289	1291
1289	1292
1289	1293
1289	1294
1289	1299
1289	1300
1289	1304
1289	1306
1289	1307
1289	1308
1289	1310
1289	1315
1289	1316
1289	1317
1289	1318
1289	1324
1289	1326
1289	1327
1289	1328
1289	1329
1289	1330
1290	1291
1290	1292
1290	1293
1290	1294
1290	1299
1290	1300
1290	1304
1290	1306
1290	1307
1290	1308
1290	1310
1290	1315
1290	1316
1290	1317
1290	1318
1290	1324
1290	1326
1290	1327
1290	1328
1290	1329
1290	1330
1291	1292
1291	1293
1291	1294
1291	1299
1291	1300
1291	1304
1291	1306
1291	1307
1291	1308
1291	1310
1291	1315
1291	1316
1291	1317
1291	1318
1291	1324
1291	1326
1291	1327
1291	1328
1291	1329
1291	1330
1292	1293
1292	1294
1292	1299
1292	1300
1292	1304
1292	1306
1292	1307
1292	1308
1292	1310
1292	1315
1292	1316
1292	1317
1292	1318
1292	1324
1292	1326
1292	1327
1292	1328
1292	1329
1292	1330
1293	1294
1293	1299
1293	1300
1293	1304
1293	1306
1293	1307
1293	1308
1293	1310
1293	1315
1293	1316
1293	1317
1293	1318
1293	1324
1293	1326
1293	1327
1293	1328
1293	1329
1293	1330
1294	1299
1294	1300
1294	1304
1294	1306
1294	1307
1294	1308
1294	1310
1294	1315
1294	1316
1294	1317
1294	1318
1294	1324
1294	1326
1294	1327
1294	1328
1294	1329
1294	1330
1299	1300
1299	1304
1299	1306
1299	1307
1299	1308
1299	1310
1299	1315
1299	1316
1299	1317
1299	1318
1299	1324
1299	1326
1299	1327
1299	1328
1299	1329
1299	1330
1300	1304
1300	1306
1300	1307
1300	1308
1300	1310
1300	1315
1300	1316
1300	1317
1300	1318
1300	1324
1300	1326
1300	1327
1300	1328
1300	1329
1300	1330
1304	1306
1304	1307
1304	1308
1304	1310
1304	1315
1304	1316
1304	1317
1304	1318
1304	1324
1304	1326
1304	1327
1304	1328
1304	1329
1304	1330
1306	1307
1306	1308
1306	1310
1306	1315
1306	1316
1306	1317
1306	1318
1306	1324
1306	1326
1306	1327
1306	1328
1306	1329
1306	1330
1307	1308
1307	1310
1307	1315
1307	1316
1307	1317
1307	1318
1307	1324
1307	1326
1307	1327
1307	1328
1307	1329
1307	1330
1308	1310
1308	1315
1308	1316
1308	1317
1308	1318
1308	1324
1308	1326
1308	1327
1308	1328
1308	1329
1308	1330
1310	1315
1310	1316
1310	1317
1310	1318
1310	1324
1310	1326
1310	1327
1310	1328
1310	1329
1310	1330
1315	1316
1315	1317
1315	1318
1315	1324
1315	1326
1315	1327
1315	1328
1315	1329
1315	1330
1316	1317
1316	1318
1316	1324
1316	1326
1316	1327
1316	1328
1316	1329
1316	1330
1317	1318
1317	1324
1317	1326
1317	1327
1317	1328
1317	1329
1317	1330
1318	1324
1318	1326
1318	1327
1318	1328
1318	1329
1318	1330
1324	1326
1324	1327
1324	1328
1324	1329
1324	1330
1326	1327
1326	1328
1326	1329
1326	1330
1327	1328
1327	1329
1327	1330
1328	1329
1328	1330
1329	1330
1334	1335
1334	1338
1334	1339
1334	1341
1334	1342
1334	1344
1334	1348
1334	1349
1334	1350
1334	1353
1334	1355
1334	1356
1334	1359
1334	1361
1334	1362
1334	1366
1334	1367
1334	1369
1334	1372
1334	1373
1334	1380
1334	1381
1335	1338
1335	1339
1335	1341
1335	1342
1335	1344
1335	1348
1335	1349
1335	1350
1335	1353
1335	1355
1335	1356
1335	1359
1335	1361
1335	1362
1335	1366
1335	1367
1335	1369
1335	1372
1335	1373
1335	1380
1335	1381
1338	1339
1338	1341
1338	1342
1338	1344
1338	1348
1338	1349
1338	1350
1338	1353
1338	1355
1338	1356
1338	1359
1338	1361
1338	1362
1338	1366
1338	1367
1338	1369
1338	1372
1338	1373
1338	1380
1338	1381
1339	1341
1339	1342
1339	1344
1339	1348
1339	1349
1339	1350
1339	1353
1339	1355
1339	1356
1339	1359
1339	1361
1339	1362
1339	1366
1339	1367
1339	1369
1339	1372
1339	1373
1339	1380
1339	1381
1341	1342
1341	1344
1341	1348
1341	1349
1341	1350
1341	1353
1341	1355
1341	1356
1341	1359
1341	1361
1341	1362
1341	1366
1341	1367
1341	1369
1341	1372
1341	1373
1341	1380
1341	1381
1342	1344
1342	1348
1342	1349
1342	1350
1342	1353
1342	1355
1342	1356
1342	1359
1342	1361
1342	1362
1342	1366
1342	1367
1342	1369
1342	1372
1342	1373
1342	1380
1342	1381
1344	1348
1344	1349
1344	1350
1344	1353
1344	1355
1344	1356
1344	1359
1344	1361
1344	1362
1344	1366
1344	1367
1344	1369
1344	1372
1344	1373
1344	1380
1344	1381
1348	1349
1348	1350
1348	1353
1348	1355
1348	1356
1348	1359
1348	1361
1348	1362
1348	1366
1348	1367
1348	1369
1348	1372
1348	1373
1348	1380
1348	1381
1349	1350
1349	1353
1349	1355
1349	1356
1349	1359
1349	1361
1349	1362
1349	1366
1349	1367
1349	1369
1349	1372
1349	1373
1349	1380
1349	1381
1350	1353
1350	1355
1350	1356
1350	1359
1350	1361
1350	1362
1350	1366
1350	1367
1350	1369
1350	1372
1350	1373
1350	1380
1350	1381
1353	1355
1353	1356
1353	1359
1353	1361
1353	1362
1353	1366
1353	1367
1353	1369
1353	1372
1353	1373
1353	1380
1353	1381
1355	1356
1355	1359
1355	1361
1355	1362
1355	1366
1355	1367
1355	1369
1355	1372
1355	1373
1355	1380
1355	1381
1356	1359
1356	1361
1356	1362
1356	1366
1356	1367
1356	1369
1356	1372
1356	1373
1356	1380
1356	1381
1359	1361
1359	1362
1359	1366
1359	1367
1359	1369
1359	1372
1359	1373
1359	1380
1359	1381
1361	1362
1361	1366
1361	1367
1361	1369
1361	1372
1361	1373
1361	1380
1361	1381
1362	1366
1362	1367
1362	1369
1362	1372
1362	1373
1362	1380
1362	1381
1366	1367
1366	1369
1366	1372
1366	1373
1366	1380
1366	1381
1367	1369
1367	1372
1367	1373
1367	1380
1367	1381
1369	1372
1369	1373
1369	1380
1369	1381
1372	1373
1372	1380
1372	1381
1373	1380
1373	1381
1380	1381
1386	1388
1386	1389
1386	1391
1386	1396
1386	1400
1386	1401
1386	1402
1386	1403
1386	1404
1386	1405
1386	1406
1386	1407
1386	1408
1386	1410
1386	1412
1386	1413
1386	1414
1386	1416
1386	1417
1386	1418
1386	1420
1386	1421
1386	1425
1386	1426
1386	1430
1386	1433
1386	1435
1388	1389
1388	1391
1388	1396
1388	1400
1388	1401
1388	1402
1388	1403
1388	1404
1388	1405
1388	1406
1388	1407
1388	1408
1388	1410
1388	1412
1388	1413
1388	1414
1388	1416
1388	1417
1388	1418
1388	1420
1388	1421
1388	1425
1388	1426
1388	1430
1388	1433
1388	1435
1389	1391
1389	1396
1389	1400
1389	1401
1389	1402
1389	1403
1389	1404
1389	1405
1389	1406
1389	1407
1389	1408
1389	1410
1389	1412
1389	1413
1389	1414
1389	1416
1389	1417
1389	1418
1389	1420
1389	1421
1389	1425
1389	1426
1389	1430
1389	1433
1389	1435
1391	1396
1391	1400
1391	1401
1391	1402
1391	1403
1391	1404
1391	1405
1391	1406
1391	1407
1391	1408
1391	1410
1391	1412
1391	1413
1391	1414
1391	1416
1391	1417
1391	1418
1391	1420
1391	1421
1391	1425
1391	1426
1391	1430
1391	1433
1391	1435
1396	1400
1396	1401
1396	1402
1396	1403
1396	1404
1396	1405
1396	1406
1396	1407
1396	1408
1396	1410
1396	1412
1396	1413
1396	1414
1396	1416
1396	1417
1396	1418
1396	1420
1396	1421
1396	1425
1396	1426
1396	1430
1396	1433
1396	1435
1400	1401
1400	1402
1400	1403
1400	1404
1400	1405
1400	1406
1400	1407
1400	1408
1400	1410
1400	1412
1400	1413
1400	1414
1400	1416
1400	1417
1400	1418
1400	1420
1400	1421
1400	1425
1400	1426
1400	1430
1400	1433
1400	1435
1401	1402
1401	1403
1401	1404
1401	1405
1401	1406
1401	1407
1401	1408
1401	1410
1401	1412
1401	1413
1401	1414
1401	1416
1401	1417
1401	1418
1401	1420
1401	1421
1401	1425
1401	1426
1401	1430
1401	1433
1401	1435
1402	1403
1402	1404
1402	1405
1402	1406
1402	1407
1402	1408
1402	1410
1402	1412
1402	1413
1402	1414
1402	1416
1402	1417
1402	1418
1402	1420
1402	1421
1402	1425
1402	1426
1402	1430
1402	1433
1402	1435
1403	1404
1403	1405
1403	1406
1403	1407
1403	1408
1403	1410
1403	1412
1403	1413
1403	1414
1403	1416
1403	1417
1403	1418
1403	1420
1403	1421
1403	1425
1403	1426
1403	1430
1403	1433
1403	1435
1404	1405
1404	1406
1404	1407
1404	1408
1404	1410
1404	1412
1404	1413
1404	1414
1404	1416
1404	1417
1404	1418
1404	1420
1404	1421
1404	1425
1404	1426
1404	1430
1404	1433
1404	1435
1405	1406
1405	1407
1405	1408
1405	1410
1405	1412
1405	1413
1405	1414
1405	1416
1405	1417
1405	1418
1405	1420
1405	1421
1405	1425
1405	1426
1405	1430
1405	1433
1405	1435
1406	1407
1406	1408
1406	1410
1406	1412
1406	1413
1406	1414
1406	1416
1406	1417
1406	1418
1406	1420
1406	1421
1406	1425
1406	1426
1406	1430
1406	1433
1406	1435
1407	1408
1407	1410
1407	1412
1407	1413
1407	1414
1407	1416
1407	1417
1407	1418
1407	1420
1407	1421
1407	1425
1407	1426
1407	1430
1407	1433
1407	1435
1408	1410
1408	1412
1408	1413
1408	1414
1408	1416
1408	1417
1408	1418
1408	1420
1408	1421
1408	1425
1408	1426
1408	1430
1408	1433
1408	1435
1410	1412
1410	1413
1410	1414
1410	1416
1410	1417
1410	1418
1410	1420
1410	1421
1410	1425
1410	1426
1410	1430
1410	1433
1410	1435
1412	1413
1412	1414
1412	1416
1412	1417
1412	1418
1412	1420
1412	1421
1412	1425
1412	1426
1412	1430
1412	1433
1412	1435
1413	1414
1413	1416
1413	1417
1413	1418
1413	1420
1413	1421
1413	1425
1413	1426
1413	1430
1413	1433
1413	1435
1414	1416
1414	1417
1414	1418
1414	1420
1414	1421
1414	1425
1414	1426
1414	1430
1414	1433
1414	1435
1416	1417
1416	1418
1416	1420
1416	1421
1416	1425
1416	1426
1416	1430
1416	1433
1416	1435
1417	1418
1417	1420
1417	1421
1417	1425
1417	1426
1417	1430
1417	1433
1417	1435
1418	1420
1418	1421
1418	1425
1418	1426
1418	1430
1418	1433
1418	1435
1420	1421
1420	1425
1420	1426
1420	1430
1420	1433
1420	1435
1421	1425
1421	1426
1421	1430
1421	1433
1421	1435
1425	1426
1425	1430
1425	1433
1425	1435
1426	1430
1426	1433
1426	1435
1430	1433
1430	1435
1433	1435
1437	1439
1437	1444
1437	1447
1437	1448
1437	1450
1437	1451
1437	1453
1437	1454
1437	1455
1437	1461
1437	1463
1437	1465
1437	1466
1437	1467
1437	1469
1437	1470
1437	1471
1437	1474
1437	1476
1437	1477
1437	1480
1437	1481
1437	1482
1437	1484
1439	1444
1439	1447
1439	1448
1439	1450
1439	1451
1439	1453
1439	1454
1439	1455
1439	1461
1439	1463
1439	1465
1439	1466
1439	1467
1439	1469
1439	1470
1439	1471
1439	1474
1439	1476
1439	1477
1439	1480
1439	1481
1439	1482
1439	1484
1444	1447
1444	1448
1444	1450
1444	1451
1444	1453
1444	1454
1444	1455
1444	1461
1444	1463
1444	1465
1444	1466
1444	1467
1444	1469
1444	1470
1444	1471
1444	1474
1444	1476
1444	1477
1444	1480
1444	1481
1444	1482
1444	1484
1447	1448
1447	1450
1447	1451
1447	1453
1447	1454
1447	1455
1447	1461
1447	1463
1447	1465
1447	1466
1447	1467
1447	1469
1447	1470
1447	1471
1447	1474
1447	1476
1447	1477
1447	1480
1447	1481
1447	1482
1447	1484
1448	1450
1448	1451
1448	1453
1448	1454
1448	1455
1448	1461
1448	1463
1448	1465
1448	1466
1448	1467
1448	1469
1448	1470
1448	1471
1448	1474
1448	1476
1448	1477
1448	1480
1448	1481
1448	1482
1448	1484
1450	1451
1450	1453
1450	1454
1450	1455
1450	1461
1450	1463
1450	1465
1450	1466
1450	1467
1450	1469
1450	1470
1450	1471
1450	1474
1450	1476
1450	1477
1450	1480
1450	1481
1450	1482
1450	1484
1451	1453
1451	1454
1451	1455
1451	1461
1451	1463
1451	1465
1451	1466
1451	1467
1451	1469
1451	1470
1451	1471
1451	1474
1451	1476
1451	1477
1451	1480
1451	1481
1451	1482
1451	1484
1453	1454
1453	1455
1453	1461
1453	1463
1453	1465
1453	1466
1453	1467
1453	1469
1453	1470
1453	1471
1453	1474
1453	1476
1453	1477
1453	1480
1453	1481
1453	1482
1453	1484
1454	1455
1454	1461
1454	1463
1454	1465
1454	1466
1454	1467
1454	1469
1454	1470
1454	1471
1454	1474
1454	1476
1454	1477
1454	1480
1454	1481
1454	1482
1454	1484
1455	1461
1455	1463
1455	1465
1455	1466
1455	1467
1455	1469
1455	1470
1455	1471
1455	1474
1455	1476
1455	1477
1455	1480
1455	1481
1455	1482
1455	1484
1461	1463
1461	1465
1461	1466
1461	1467
1461	1469
1461	1470
1461	1471
1461	1474
1461	1476
1461	1477
1461	1480
1461	1481
1461	1482
1461	1484
1463	1465
1463	1466
1463	1467
1463	1469
1463	1470
1463	1471
1463	1474
1463	1476
1463	1477
1463	1480
1463	1481
1463	1482
1463	1484
1465	1466
1465	1467
1465	1469
1465	1470
1465	1471
1465	1474
1465	1476
1465	1477
1465	1480
1465	1481
1465	1482
1465	1484
1466	1467
1466	1469
1466	1470
1466	1471
1466	1474
1466	1476
1466	1477
1466	1480
1466	1481
1466	1482
1466	1484
1467	1469
1467	1470
1467	1471
1467	1474
1467	1476
1467	1477
1467	1480
1467	1481
1467	1482
1467	1484
1469	1470
1469	1471
1469	1474
1469	1476
1469	1477
1469	1480
1469	1481
1469	1482
1469	1484
1470	1471
1470	1474
1470	1476
1470	1477
1470	1480
1470	1481
1470	1482
1470	1484
1471	1474
1471	1476
1471	1477
1471	1480
1471	1481
1471	1482
1471	1484
1474	1476
1474	1477
1474	1480
1474	1481
1474	1482
1474	1484
1476	1477
1476	1480
1476	1481
1476	1482
1476	1484
1477	1480
1477	1481
1477	1482
1477	1484
1480	1481
1480	1482
1480	1484
1481	1482
1481	1484
1482	1484
1486	1487
1486	1488
1486	1489
1486	1491
1486	1494
1486	1495
1486	1496
1486	1497
1486	1503
1486	1506
1486	1508
1486	1509
1486	1512
1486	1514
1486	1516
1486	1523
1486	1531
1486	1532
1486	1534
1486	1535
1487	1488
1487	1489
1487	1491
1487	1494
1487	1495
1487	1496
1487	1497
1487	1503
1487	1506
1487	1508
1487	1509
1487	1512
1487	1514
1487	1516
1487	1523
1487	1531
1487	1532
1487	1534
1487	1535
1488	1489
1488	1491
1488	1494
1488	1495
1488	1496
1488	1497
1488	1503
1488	1506
1488	1508
1488	1509
1488	1512
1488	1514
1488	1516
1488	1523
1488	1531
1488	1532
1488	1534
1488	1535
1489	1491
1489	1494
1489	1495
1489	1496
1489	1497
1489	1503
1489	1506
1489	1508
1489	1509
1489	1512
1489	1514
1489	1516
1489	1523
1489	1531
1489	1532
1489	1534
1489	1535
1491	1494
1491	1495
1491	1496
1491	1497
1491	1503
1491	1506
1491	1508
1491	1509
1491	1512
1491	1514
1491	1516
1491	1523
1491	1531
1491	1532
1491	1534
1491	1535
1494	1495
1494	1496
1494	1497
1494	1503
1494	1506
1494	1508
1494	1509
1494	1512
1494	1514
1494	1516
1494	1523
1494	1531
1494	1532
1494	1534
1494	1535
1495	1496
1495	1497
1495	1503
1495	1506
1495	1508
1495	1509
1495	1512
1495	1514
1495	1516
1495	1523
1495	1531
1495	1532
1495	1534
1495	1535
1496	1497
1496	1503
1496	1506
1496	1508
1496	1509
1496	1512
1496	1514
1496	1516
1496	1523
1496	1531
1496	1532
1496	1534
1496	1535
1497	1503
1497	1506
1497	1508
1497	1509
1497	1512
1497	1514
1497	1516
1497	1523
1497	1531
1497	1532
1497	1534
1497	1535
1503	1506
1503	1508
1503	1509
1503	1512
1503	1514
1503	1516
1503	1523
1503	1531
1503	1532
1503	1534
1503	1535
1506	1508
1506	1509
1506	1512
1506	1514
1506	1516
1506	1523
1506	1531
1506	1532
1506	1534
1506	1535
1508	1509
1508	1512
1508	1514
1508	1516
1508	1523
1508	1531
1508	1532
1508	1534
1508	1535
1509	1512
1509	1514
1509	1516
1509	1523
1509	1531
1509	1532
1509	1534
1509	1535
1512	1514
1512	1516
1512	1523
1512	1531
1512	1532
1512	1534
1512	1535
1514	1516
1514	1523
1514	1531
1514	1532
1514	1534
1514	1535
1516	1523
1516	1531
1516	1532
1516	1534
1516	1535
1523	1531
1523	1532
1523	1534
1523	1535
1531	1532
1531	1534
1531	1535
1532	1534
1532	1535
1534	1535
